1	2	0.95947035
1	3	0.6148879
1	4	0.4292509
1	5	0.3573309
1	6	0.31030232
1	7	0.34372937
1	8	0.3472797
1	9	0.41676999
1	10	0.29757475
1	11	0.26136261
1	12	0.28381877
1	13	0.27384841
1	14	0.26382269
1	15	0.3653921
1	16	0.25671794
1	17	0.34988946
1	18	0.32011006
1	19	0.32848849
1	20	0.29659594
1	21	0.2828266
1	22	0.25398961
1	23	0.24152469
1	24	0.26197543
1	25	0.25580743
1	26	0.29012521
1	27	0.1998067
1	28	0.17810906
1	29	0.26360223
1	30	0.20731439
1	31	0.31679911
1	32	0.32403814
1	33	0.29486389
1	34	0.22936445
1	35	0.21019644
1	36	0.19631755
1	37	0.16251259
1	38	0.2049875
1	39	0.25101585
1	40	0.22313143
1	41	0.12359706
1	42	0.24645687
1	43	0.22227773
1	44	0.25041893
1	45	0.17305106
1	46	0.13436496
1	47	0.2471635
1	48	0.2850053
1	49	0.1746678
1	50	0.20069366
1	51	0.24554563
1	52	0.22781627
1	53	0.33033268
1	54	0.23012186
1	55	0.23596853
1	56	0.27433974
1	57	0.24605279
1	58	0.21403767
1	59	0.21555806
1	60	0.19197691
1	61	0.17934203
1	62	0.21941681
1	63	0.22794277
1	64	0.19724076
1	65	0.27436899
1	66	0.17782297
1	67	0.19760048
1	68	0.16882732
1	69	0.18782737
1	70	0.21606157
1	71	0.30171145
1	72	0.29317628
1	73	0.20594428
1	74	0.27337373
1	75	0.20112693
1	76	0.25602968
1	77	0.25927023
1	78	0.18528487
1	79	0.18626057
1	80	0.28761782
1	81	0.24325085
1	82	0.18697322
1	83	0.21777352
1	84	0.18921529
1	85	0.13939957
1	86	0.15546943
1	87	0.31311282
1	88	0.20571129
1	89	0.228418
1	90	0.29059383
1	91	0.22566527
1	92	0.23111725
1	93	0.27211438
1	94	0.26293903
1	95	0.29742621
1	96	0.27158713
1	97	0.28704947
2	3	0.82638928
2	4	0.49387139
2	5	0.39085696
2	6	0.52988037
2	7	0.28623121
2	8	0.37117965
2	9	0.45134132
2	10	0.29530764
2	11	0.36100542
2	12	0.35893356
2	13	0.37034519
2	14	0.37905813
2	15	0.36352887
2	16	0.31528423
2	17	0.40402529
2	18	0.29246562
2	19	0.27397786
2	20	0.25877181
2	21	0.30321141
2	22	0.24107877
2	23	0.34073186
2	24	0.19431295
2	25	0.2751357
2	26	0.19273088
2	27	0.15449518
2	28	0.17562541
2	29	0.18971307
2	30	0.24350196
2	31	0.22738394
2	32	0.19270641
2	33	0.16402133
2	34	0.28150443
2	35	0.20861069
2	36	0.22713332
2	37	0.17942861
2	38	0.16197689
2	39	0.31605153
2	40	0.17170147
2	41	0.14410597
2	42	0.22973205
2	43	0.10325001
2	44	0.32249292
2	45	0.15021995
2	46	0.17226249
2	47	0.30263559
2	48	0.18100986
2	49	0.09489336
2	50	0.28087025
2	51	0.26669329
2	52	0.23995851
2	53	0.3066059
2	54	0.23381356
2	55	0.27419826
2	56	0.26889296
2	57	0.18962684
2	58	0.13513008
2	59	0.17401525
2	60	0.19011977
2	61	0.20935827
2	62	0.1891645
2	63	0.15820821
2	64	0.17382914
2	65	0.24263851
2	66	0.22172456
2	67	0.24851393
2	68	0.16199474
2	69	0.21585476
2	70	0.2806539
2	71	0.19615854
2	72	0.21065527
2	73	0.1531826
2	74	0.14753761
2	75	0.19000976
2	76	0.11115628
2	77	0.27848447
2	78	0.09988324
2	79	0.23318127
2	80	0.18930527
2	81	0.14035338
2	82	0.33204061
2	83	0.32285577
2	84	0.26766767
2	85	0.22682737
2	86	0.19614575
2	87	0.27630353
2	88	0.2858012
2	89	0.24018293
2	90	0.21183353
2	91	0.20884977
2	92	0.19109327
2	93	0.3707214
2	94	0.31015129
2	95	0.27240172
2	96	0.30830356
2	97	0.30648271
3	4	0.55977222
3	5	0.74253297
3	6	0.51906843
3	7	0.56098821
3	8	0.65983398
3	9	0.57926511
3	10	0.36887683
3	11	0.39132248
3	12	0.4241454
3	13	0.28346466
3	14	0.38272642
3	15	0.32212977
3	16	0.36070663
3	17	0.34452573
3	18	0.3481955
3	19	0.27902322
3	20	0.45723326
3	21	0.32445083
3	22	0.20846055
3	23	0.19507568
3	24	0.20499273
3	25	0.24258109
3	26	0.28736842
3	27	0.22253863
3	28	0.25046742
3	29	0.12467728
3	30	0.24322806
3	31	0.24766872
3	32	0.22820239
3	33	0.32333374
3	34	0.24719263
3	35	0.18932932
3	36	0.18420257
3	37	0.27375647
3	38	0.09260197
3	39	0.25481126
3	40	0.11385736
3	41	0.15785605
3	42	0.20775475
3	43	0.10289579
3	44	0.24844525
3	45	0.20256692
3	46	0.11425181
3	47	0.2331566
3	48	0.12553662
3	49	0.18303104
3	50	0.15503903
3	51	0.17069743
3	52	0.28256023
3	53	0.24833618
3	54	0.18720111
3	55	0.26732778
3	56	0.11727106
3	57	0.29012231
3	58	0.16032399
3	59	0.23937479
3	60	0.169156
3	61	0.16406506
3	62	0.13247756
3	63	0.10956621
3	64	0.16641309
3	65	0.17008687
3	66	0.19131236
3	67	0.19219545
3	68	0.092894
3	69	0.18665877
3	70	0.23301457
3	71	0.10947187
3	72	0.22394867
3	73	0.14793384
3	74	0.22312701
3	75	0.1949189
3	76	0.1560795
3	77	0.2340671
3	78	0.15956621
3	79	0.15227514
3	80	0.15805524
3	81	0.18710512
3	82	0.25306905
3	83	0.43903842
3	84	0.30185768
3	85	0.22058429
3	86	0.30591344
3	87	0.24104545
3	88	0.28724836
3	89	0.19902696
3	90	0.24986878
3	91	0.2901243
3	92	0.16058269
3	93	0.2634753
3	94	0.22360146
3	95	0.23650259
3	96	0.25825909
3	97	0.25719931
4	5	0.49359709
4	6	0.64030735
4	7	0.57482379
4	8	0.418126
4	9	0.54779158
4	10	0.45695426
4	11	0.47568336
4	12	0.36919086
4	13	0.41233737
4	14	0.42862438
4	15	0.66056631
4	16	0.33581512
4	17	0.76857933
4	18	0.33746448
4	19	0.34000386
4	20	0.37656843
4	21	0.309141
4	22	0.17623268
4	23	0.30243982
4	24	0.2217486
4	25	0.21215119
4	26	0.22146205
4	27	0.1162837
4	28	0.09414617
4	29	0.08120241
4	30	0.25592954
4	31	0.28722906
4	32	0.16305017
4	33	0.14696883
4	34	0.22138297
4	35	0.2369797
4	36	0.14257839
4	37	0.20835086
4	38	0.19842608
4	39	0.22747296
4	40	0.24889785
4	41	0.18307468
4	42	0.19612486
4	43	0.04859882
4	44	0.22564248
4	45	0.1172761
4	46	0.18116146
4	47	0.23830038
4	48	0.19347501
4	49	0.17610489
4	50	0.26178712
4	51	0.23737035
4	52	0.27420997
4	53	0.34016733
4	54	0.2254029
4	55	0.26281793
4	56	0.16625655
4	57	0.15590545
4	58	0.18311204
4	59	0.24523165
4	60	0.17536039
4	61	0.12802865
4	62	0.17898796
4	63	0.16193142
4	64	0.1148419
4	65	0.11806523
4	66	0.30734681
4	67	0.26918016
4	68	0.11985473
4	69	0.25242421
4	70	0.28327703
4	71	0.32788972
4	72	0.21564282
4	73	0.13743005
4	74	0.11957233
4	75	0.17207946
4	76	0.12282199
4	77	0.21998353
4	78	0.1788578
4	79	0.14550955
4	80	0.17096411
4	81	0.20922912
4	82	0.22412643
4	83	0.30334316
4	84	0.32215311
4	85	0.25090058
4	86	0.29984046
4	87	0.17642104
4	88	0.26163845
4	89	0.19505926
4	90	0.22054542
4	91	0.25520281
4	92	0.22075613
4	93	0.28036348
4	94	0.26754909
4	95	0.24261299
4	96	0.23920588
4	97	0.26472054
5	6	0.6125118
5	7	0.5923969
5	8	0.53286265
5	9	0.59661853
5	10	0.45151431
5	11	0.56139252
5	12	0.53203985
5	13	0.5490047
5	14	0.36788755
5	15	0.34861838
5	16	0.33198314
5	17	0.2596491
5	18	0.60315503
5	19	0.28811301
5	20	0.31716773
5	21	0.24830883
5	22	0.20437814
5	23	0.24498631
5	24	0.31527108
5	25	0.21992023
5	26	0.18905783
5	27	0.26494641
5	28	0.20188837
5	29	0.26241613
5	30	0.18619103
5	31	0.25869191
5	32	0.25320304
5	33	0.2785302
5	34	0.16810105
5	35	0.18346545
5	36	0.17880969
5	37	0.19294165
5	38	0.15979951
5	39	0.26918857
5	40	0.16649568
5	41	0.17990395
5	42	0.25452484
5	43	0.13678085
5	44	0.2360879
5	45	0.10430547
5	46	0.19735434
5	47	0.25219178
5	48	0.20777048
5	49	0.1433459
5	50	0.19850787
5	51	0.21150624
5	52	0.18446645
5	53	0.31936447
5	54	0.26874405
5	55	0.22648846
5	56	0.15753219
5	57	0.14121244
5	58	0.19301173
5	59	0.21459494
5	60	0.24655528
5	61	0.13128912
5	62	0.12727016
5	63	0.16475961
5	64	0.13134283
5	65	0.17229869
5	66	0.23593196
5	67	0.25582032
5	68	0.2504705
5	69	0.08998959
5	70	0.17797971
5	71	0.2378198
5	72	0.15620249
5	73	0.16984833
5	74	0.11313278
5	75	0.1695554
5	76	0.18715494
5	77	0.26715922
5	78	0.15523489
5	79	0.22565846
5	80	0.19783466
5	81	0.34733466
5	82	0.2316943
5	83	0.25531867
5	84	0.28136667
5	85	0.32118236
5	86	0.14537355
5	87	0.3366219
5	88	0.2142668
5	89	0.15955937
5	90	0.17960749
5	91	0.20976749
5	92	0.18400393
5	93	0.28345423
5	94	0.21214969
5	95	0.19566489
5	96	0.21886951
5	97	0.27642429
6	7	0.59595235
6	8	0.90330019
6	9	0.54881079
6	10	0.51281096
6	11	0.49083773
6	12	0.45612101
6	13	0.53933855
6	14	0.50132064
6	15	0.78813346
6	16	0.30933497
6	17	0.32879957
6	18	0.33691944
6	19	0.32570191
6	20	0.26219505
6	21	0.33247736
6	22	0.27079914
6	23	0.30342884
6	24	0.21666683
6	25	0.26601266
6	26	0.34245081
6	27	0.16169309
6	28	0.24253343
6	29	0.30368592
6	30	0.20992962
6	31	0.2116261
6	32	0.22868892
6	33	0.30659634
6	34	0.22896036
6	35	0.18547836
6	36	0.13374452
6	37	0.24291522
6	38	0.11815252
6	39	0.26156355
6	40	0.14432511
6	41	0.27962919
6	42	0.21347158
6	43	0.14699376
6	44	0.24183222
6	45	0.12559106
6	46	0.10759231
6	47	0.24904797
6	48	0.16094498
6	49	0.23369555
6	50	0.28788109
6	51	0.18141308
6	52	0.17307239
6	53	0.23564154
6	54	0.18913858
6	55	0.28131213
6	56	0.19278198
6	57	0.10307565
6	58	0.09756821
6	59	0.15162876
6	60	0.11963498
6	61	0.14688998
6	62	0.14605418
6	63	0.11710865
6	64	0.1159515
6	65	0.12031106
6	66	0.23238076
6	67	0.21823949
6	68	0.16108262
6	69	0.17811667
6	70	0.25370952
6	71	0.14051438
6	72	0.1578711
6	73	0.13419588
6	74	0.14547907
6	75	0.19480508
6	76	0.17217909
6	77	0.23307547
6	78	0.1045615
6	79	0.20401678
6	80	0.14112719
6	81	0.14696116
6	82	0.18665981
6	83	0.1731695
6	84	0.19578369
6	85	0.11128481
6	86	0.34754332
6	87	0.28424905
6	88	0.23601586
6	89	0.15207534
6	90	0.22049474
6	91	0.31394209
6	92	0.17652696
6	93	0.35935962
6	94	0.29696599
6	95	0.21817787
6	96	0.24857222
6	97	0.27613953
7	8	0.88011353
7	9	0.68418645
7	10	0.68219924
7	11	0.39986847
7	12	0.66039583
7	13	0.40449091
7	14	0.47323843
7	15	0.47444235
7	16	0.59708459
7	17	0.38794207
7	18	0.4043437
7	19	0.24093177
7	20	0.28088643
7	21	0.26468489
7	22	0.30720387
7	23	0.23026114
7	24	0.37930104
7	25	0.1387339
7	26	0.24518501
7	27	0.18113115
7	28	0.35471445
7	29	0.14779913
7	30	0.24501491
7	31	0.10455476
7	32	0.24755141
7	33	0.24767111
7	34	0.30601983
7	35	0.11682176
7	36	0.14744776
7	37	0.17038002
7	38	0.06644575
7	39	0.24834515
7	40	0.1399372
7	41	0.20448954
7	42	0.22472517
7	43	0.10183531
7	44	0.2448483
7	45	0.17200143
7	46	0.1860332
7	47	0.23775327
7	48	0.2198271
7	49	0.15271689
7	50	0.1335698
7	51	0.1200964
7	52	0.24504037
7	53	0.10771962
7	54	0.22873409
7	55	0.19900733
7	56	0.12373654
7	57	0.19091695
7	58	0.14494199
7	59	0.2074148
7	60	0.14300855
7	61	0.15283747
7	62	0.15305569
7	63	0.24979771
7	64	0.20864773
7	65	0.10004311
7	66	0.22200098
7	67	0.19882835
7	68	0.1401581
7	69	0.21319508
7	70	0.26750169
7	71	0.15178073
7	72	0.18565863
7	73	0.20409217
7	74	0.15555884
7	75	0.14364083
7	76	0.08622242
7	77	0.25697286
7	78	0.19522395
7	79	0.15369934
7	80	0.171845
7	81	0.20628806
7	82	0.13034352
7	83	0.26724671
7	84	0.16253248
7	85	0.26099353
7	86	0.24905383
7	87	0.27661796
7	88	0.29934964
7	89	0.37953935
7	90	0.32728101
7	91	0.30267406
7	92	0.18751162
7	93	0.24049345
7	94	0.25943939
7	95	0.18264676
7	96	0.22776476
7	97	0.24525473
8	9	0.96291442
8	10	0.74016143
8	11	0.72337184
8	12	0.409263
8	13	0.66539945
8	14	0.45238039
8	15	0.38158806
8	16	0.45270326
8	17	0.425835
8	18	0.32037329
8	19	0.33863012
8	20	0.2959408
8	21	0.27331355
8	22	0.26526358
8	23	0.28735566
8	24	0.25891613
8	25	0.20140917
8	26	0.19446279
8	27	0.17758095
8	28	0.16687208
8	29	0.16799851
8	30	0.21606427
8	31	0.15682404
8	32	0.20202729
8	33	0.27075195
8	34	0.13321692
8	35	0.18776094
8	36	0.13059361
8	37	0.18367055
8	38	0.19680825
8	39	0.21130408
8	40	0.24237415
8	41	0.10118274
8	42	0.22261561
8	43	0.07949569
8	44	0.22986512
8	45	0.12394645
8	46	0.12225909
8	47	0.2167689
8	48	0.26006576
8	49	0.17601728
8	50	0.26844785
8	51	0.16388213
8	52	0.20300893
8	53	0.27926423
8	54	0.19810389
8	55	0.26167386
8	56	0.17171408
8	57	0.25692797
8	58	0.15943079
8	59	0.10206385
8	60	0.05882429
8	61	0.10778635
8	62	0.2353623
8	63	0.07248235
8	64	0.12030739
8	65	0.12030636
8	66	0.24696892
8	67	0.24811835
8	68	0.11629129
8	69	0.15244195
8	70	0.20748836
8	71	0.2157905
8	72	0.13456041
8	73	0.10692228
8	74	0.10613068
8	75	0.16049503
8	76	0.14767543
8	77	0.18067734
8	78	0.15731416
8	79	0.20501554
8	80	0.21976997
8	81	0.08224688
8	82	0.20935121
8	83	0.19418604
8	84	0.16286758
8	85	0.13950532
8	86	0.41903272
8	87	0.2249222
8	88	0.3914957
8	89	0.17195845
8	90	0.24127498
8	91	0.22855001
8	92	0.24894205
8	93	0.28969902
8	94	0.28864932
8	95	0.31164965
8	96	0.20915942
8	97	0.30569184
9	10	1.0845905
9	11	0.87613758
9	12	0.67487906
9	13	0.61107986
9	14	0.67715668
9	15	0.47463464
9	16	0.34366449
9	17	0.38223054
9	18	0.39319955
9	19	0.36860448
9	20	0.22275817
9	21	0.25995723
9	22	0.20894959
9	23	0.35025242
9	24	0.21676298
9	25	0.22225453
9	26	0.22511358
9	27	0.16348636
9	28	0.2274177
9	29	0.2184993
9	30	0.23322416
9	31	0.19940839
9	32	0.21478975
9	33	0.18237893
9	34	0.18596582
9	35	0.19245815
9	36	0.10231283
9	37	0.22677329
9	38	0.18941312
9	39	0.22554779
9	40	0.17247689
9	41	0.13807598
9	42	0.21600411
9	43	0.15594624
9	44	0.19117275
9	45	0.09305969
9	46	0.22912817
9	47	0.21874157
9	48	0.13217636
9	49	0.09477958
9	50	0.13738303
9	51	0.26811919
9	52	0.32036576
9	53	0.22563409
9	54	0.1450784
9	55	0.19351843
9	56	0.22965004
9	57	0.09168372
9	58	0.11598704
9	59	0.1839074
9	60	0.1533856
9	61	0.12195362
9	62	0.09615097
9	63	0.05270098
9	64	0.15374264
9	65	0.2538282
9	66	0.17881394
9	67	0.18293077
9	68	0.16635658
9	69	0.11911545
9	70	0.21086216
9	71	0.27373211
9	72	0.14923889
9	73	0.09055967
9	74	0.08538198
9	75	0.12343724
9	76	0.19588957
9	77	0.2278455
9	78	0.09624521
9	79	0.31402319
9	80	0.17872965
9	81	0.11546658
9	82	0.14730172
9	83	0.24539471
9	84	0.20519886
9	85	0.29081509
9	86	0.22984123
9	87	0.26327992
9	88	0.15255907
9	89	0.29296555
9	90	0.18357051
9	91	0.18141056
9	92	0.18473198
9	93	0.26821587
9	94	0.26503736
9	95	0.17670175
9	96	0.2290755
9	97	0.26664871
10	11	1.04495962
10	12	0.94880914
10	13	0.71951428
10	14	0.53839268
10	15	0.51420858
10	16	0.395047
10	17	0.45159171
10	18	0.32212528
10	19	0.27369326
10	20	0.30315205
10	21	0.29693517
10	22	0.34507054
10	23	0.24648957
10	24	0.18182833
10	25	0.25633198
10	26	0.21970168
10	27	0.19840812
10	28	0.24932502
10	29	0.07846211
10	30	0.17677974
10	31	0.24394814
10	32	0.38724292
10	33	0.22611835
10	34	0.23911793
10	35	0.19914839
10	36	0.13719514
10	37	0.15562027
10	38	0.2047626
10	39	0.23660987
10	40	0.13499165
10	41	0.15257053
10	42	0.25478962
10	43	0.21092117
10	44	0.23951214
10	45	0.13903427
10	46	0.24921735
10	47	0.24894238
10	48	0.13930621
10	49	0.1855381
10	50	0.15253206
10	51	0.23514442
10	52	0.16388412
10	53	0.20825473
10	54	0.22033813
10	55	0.28136804
10	56	0.18173058
10	57	0.09557559
10	58	0.05548069
10	59	0.16574698
10	60	0.16289188
10	61	0.07106035
10	62	0.09908532
10	63	0.12191006
10	64	0.15986696
10	65	0.22253064
10	66	0.28980197
10	67	0.12918389
10	68	0.2713898
10	69	0.20393504
10	70	0.1404901
10	71	0.25023396
10	72	0.15048086
10	73	0.12975046
10	74	0.20702617
10	75	0.11836221
10	76	0.15055842
10	77	0.22948222
10	78	0.16966697
10	79	0.2075916
10	80	0.16714599
10	81	0.18497432
10	82	0.08772715
10	83	0.19918413
10	84	0.155945
10	85	0.21705332
10	86	0.27526403
10	87	0.25702176
10	88	0.28565254
10	89	0.16739154
10	90	0.2011913
10	91	0.21995814
10	92	0.10861995
10	93	0.18243578
10	94	0.29048115
10	95	0.18411433
10	96	0.16924966
10	97	0.21735698
11	12	0.87815482
11	13	1.06807518
11	14	0.59945273
11	15	0.5159187
11	16	0.39368042
11	17	0.41354502
11	18	0.3796795
11	19	0.32938976
11	20	0.31599182
11	21	0.37629572
11	22	0.27095038
11	23	0.29354634
11	24	0.19855273
11	25	0.21345266
11	26	0.23928034
11	27	0.19084815
11	28	0.20408112
11	29	0.21991821
11	30	0.31497376
11	31	0.20105532
11	32	0.18607121
11	33	0.22644026
11	34	0.19680917
11	35	0.13550134
11	36	0.14460288
11	37	0.24747428
11	38	0.22840693
11	39	0.23533327
11	40	0.17423999
11	41	0.19736108
11	42	0.20076562
11	43	0.17737431
11	44	0.22899273
11	45	0.06545383
11	46	0.122842
11	47	0.23000491
11	48	0.15988573
11	49	0.22467807
11	50	0.19381418
11	51	0.1748674
11	52	0.21647141
11	53	0.25724314
11	54	0.25586641
11	55	0.20022392
11	56	0.10440006
11	57	0.18275431
11	58	0.1485788
11	59	0.19912133
11	60	0.12244043
11	61	0.0906768
11	62	0.06464173
11	63	0.19340081
11	64	0.10954494
11	65	0.24535246
11	66	0.23879325
11	67	0.18688708
11	68	0.14255784
11	69	0.2275525
11	70	0.1448057
11	71	0.23149201
11	72	0.2128818
11	73	0.10784764
11	74	0.05880405
11	75	0.14337888
11	76	0.17247197
11	77	0.22789204
11	78	0.13980233
11	79	0.11391184
11	80	0.16092404
11	81	0.10397673
11	82	0.22551697
11	83	0.21079485
11	84	0.12668635
11	85	0.14813468
11	86	0.2588828
11	87	0.22271829
11	88	0.23689023
11	89	0.1845855
11	90	0.21331857
11	91	0.19729505
11	92	0.17535933
11	93	0.36589545
11	94	0.25960275
11	95	0.26016138
11	96	0.23224087
11	97	0.24675611
12	13	1.11349869
12	14	0.75806482
12	15	0.67175556
12	16	0.46001772
12	17	0.31978206
12	18	0.3883364
12	19	0.3620002
12	20	0.31268327
12	21	0.33730874
12	22	0.36611488
12	23	0.236348
12	24	0.35319753
12	25	0.19951138
12	26	0.16262167
12	27	0.11004054
12	28	0.13498846
12	29	0.1533385
12	30	0.22732215
12	31	0.18272315
12	32	0.30031196
12	33	0.21236441
12	34	0.1786
12	35	0.14251435
12	36	0.11390945
12	37	0.16975055
12	38	0.05852609
12	39	0.23265229
12	40	0.1903404
12	41	0.19485501
12	42	0.17286527
12	43	0.26637988
12	44	0.23076262
12	45	0.10697859
12	46	0.18792577
12	47	0.22575425
12	48	0.16903462
12	49	0.132811
12	50	0.32319181
12	51	0.21922552
12	52	0.32473182
12	53	0.21378752
12	54	0.19741619
12	55	0.19587367
12	56	0.08934234
12	57	0.18139979
12	58	0.17142256
12	59	0.1965171
12	60	0.15835893
12	61	0.14562707
12	62	0.18144641
12	63	0.14247818
12	64	0.05246477
12	65	0.16104538
12	66	0.22665016
12	67	0.14248943
12	68	0.16526063
12	69	0.07998895
12	70	0.26917911
12	71	0.27876939
12	72	0.14542855
12	73	0.07685631
12	74	0.14604601
12	75	0.12213652
12	76	0.11030762
12	77	0.2254013
12	78	0.09534265
12	79	0.24776119
12	80	0.18479912
12	81	0.19492
12	82	0.21001938
12	83	0.19842629
12	84	0.24013773
12	85	0.20338142
12	86	0.17141362
12	87	0.24305881
12	88	0.26168098
12	89	0.19321662
12	90	0.1662993
12	91	0.25333546
12	92	0.20053555
12	93	0.24526428
12	94	0.28774754
12	95	0.23383428
12	96	0.2490089
12	97	0.26517935
13	14	0.77130225
13	15	0.64144302
13	16	0.38209354
13	17	0.47862674
13	18	0.43344833
13	19	0.29245723
13	20	0.30939693
13	21	0.4068497
13	22	0.32673493
13	23	0.25809248
13	24	0.2408314
13	25	0.37393624
13	26	0.27962684
13	27	0.20964988
13	28	0.16407584
13	29	0.206481
13	30	0.34604012
13	31	0.24628746
13	32	0.23774241
13	33	0.23788048
13	34	0.2527099
13	35	0.19584169
13	36	0.10581152
13	37	0.16384437
13	38	0.04102546
13	39	0.22944942
13	40	0.20013377
13	41	0.21995569
13	42	0.16998248
13	43	0.08542844
13	44	0.20364141
13	45	0.16226101
13	46	0.10927036
13	47	0.20804738
13	48	0.20875276
13	49	0.18253695
13	50	0.19625512
13	51	0.11152208
13	52	0.21830328
13	53	0.29345056
13	54	0.19386535
13	55	0.344936
13	56	0.06280859
13	57	0.07655808
13	58	0.12122354
13	59	0.17231929
13	60	0.20576946
13	61	0.16544395
13	62	0.00677185
13	63	0.18607114
13	64	0.05400665
13	65	0.21986467
13	66	0.16251138
13	67	0.15701621
13	68	0.08452498
13	69	0.1050091
13	70	0.27501104
13	71	0.20561479
13	72	0.26337095
13	73	0.08208992
13	74	0.18467851
13	75	0.10326488
13	76	0.09395564
13	77	0.18921918
13	78	0.09278937
13	79	0.18696219
13	80	0.22965041
13	81	0.16956524
13	82	0.18685233
13	83	0.21627312
13	84	0.17349486
13	85	0.17640173
13	86	0.34085845
13	87	0.21432328
13	88	0.31942787
13	89	0.16320894
13	90	0.23406869
13	91	0.28772372
13	92	0.2416236
13	93	0.16320878
13	94	0.32133965
13	95	0.19030847
13	96	0.27636226
13	97	0.26134293
14	15	0.90048313
14	16	0.55519305
14	17	0.51329164
14	18	0.38176608
14	19	0.40182158
14	20	0.44072703
14	21	0.38796527
14	22	0.32042641
14	23	0.33123337
14	24	0.30821574
14	25	0.28987015
14	26	0.19485697
14	27	0.2704904
14	28	0.1125035
14	29	0.1556939
14	30	0.2850574
14	31	0.35680729
14	32	0.23287361
14	33	0.4210738
14	34	0.18011907
14	35	0.13131442
14	36	0.17837555
14	37	0.22678068
14	38	0.10877348
14	39	0.24249615
14	40	0.14069762
14	41	0.14383891
14	42	0.20374163
14	43	0.13537943
14	44	0.21368063
14	45	0.12341758
14	46	0.12005907
14	47	0.23093681
14	48	0.14449148
14	49	0.24206583
14	50	0.19427741
14	51	0.21333491
14	52	0.24169396
14	53	0.29936136
14	54	0.21329925
14	55	0.29222376
14	56	0.25886018
14	57	0.10541728
14	58	0.07961676
14	59	0.1714734
14	60	0.12493136
14	61	0.10811965
14	62	0.08482806
14	63	0.04820459
14	64	0.05823524
14	65	0.23697209
14	66	0.26996377
14	67	0.18418396
14	68	0.15280533
14	69	0.11869737
14	70	0.22733424
14	71	0.25207853
14	72	0.14984823
14	73	0.16194354
14	74	0.18438777
14	75	0.14106267
14	76	0.10407561
14	77	0.23197452
14	78	0.11304692
14	79	0.12311687
14	80	0.14059278
14	81	0.2326599
14	82	0.36329372
14	83	0.11334193
14	84	0.21647072
14	85	0.20547193
14	86	0.23704502
14	87	0.16519674
14	88	0.23002468
14	89	0.18703468
14	90	0.19301909
14	91	0.33623952
14	92	0.25463868
14	93	0.25273272
14	94	0.30272191
14	95	0.26413049
14	96	0.27587281
14	97	0.2667457
15	16	0.84161021
15	17	0.70518399
15	18	0.44796599
15	19	0.47523953
15	20	0.4006308
15	21	0.44097038
15	22	0.33963661
15	23	0.29785301
15	24	0.29813058
15	25	0.19357661
15	26	0.1887794
15	27	0.16711261
15	28	0.24662549
15	29	0.24405397
15	30	0.21219044
15	31	0.28047505
15	32	0.24676703
15	33	0.24548702
15	34	0.25099959
15	35	0.15954305
15	36	0.11978513
15	37	0.11103644
15	38	0.05936681
15	39	0.24427565
15	40	0.15601425
15	41	0.19469487
15	42	0.27620671
15	43	0.01090911
15	44	0.26541216
15	45	0.1184423
15	46	0.18865237
15	47	0.26266942
15	48	0.13618174
15	49	0.043359
15	50	0.21555525
15	51	0.20111904
15	52	0.17202704
15	53	0.23142536
15	54	0.22662484
15	55	0.22850752
15	56	0.11038096
15	57	0.17801334
15	58	0.12468925
15	59	0.17273217
15	60	0.12962923
15	61	0.09920787
15	62	0.20108528
15	63	0.03009361
15	64	0.24663838
15	65	0.15839101
15	66	0.14812614
15	67	0.18497634
15	68	0.14496179
15	69	0.22703544
15	70	0.19522073
15	71	0.21508335
15	72	0.1247456
15	73	0.15640486
15	74	0.10986858
15	75	0.12266646
15	76	0.10350028
15	77	0.20608361
15	78	0.16044772
15	79	0.12254088
15	80	0.18647199
15	81	0.19958807
15	82	0.30430111
15	83	0.19691982
15	84	0.24573142
15	85	0.19916767
15	86	0.23419025
15	87	0.29826815
15	88	0.18343455
15	89	0.2364686
15	90	0.28957695
15	91	0.20819688
15	92	0.208617
15	93	0.28910095
15	94	0.2815102
15	95	0.24002223
15	96	0.28986174
15	97	0.22342244
16	17	0.70416647
16	18	0.68266359
16	19	0.43643314
16	20	0.44671971
16	21	0.40706321
16	22	0.46605863
16	23	0.38034829
16	24	0.3451838
16	25	0.23210689
16	26	0.23529888
16	27	0.64044337
16	28	0.45830855
16	29	0.23368192
16	30	0.33809586
16	31	0.44667767
16	32	0.27622747
16	33	0.35747978
16	34	0.25433915
16	35	0.2534817
16	36	0.14925288
16	37	0.11668091
16	38	0.23897365
16	39	0.25769146
16	40	0.1961005
16	41	0.06810468
16	42	0.27425138
16	43	0.1276065
16	44	0.2587037
16	45	0.23080681
16	46	0.1177926
16	47	0.27270229
16	48	0.17547168
16	49	0.09797893
16	50	0.13447164
16	51	0.12783619
16	52	0.18392095
16	53	0.18467466
16	54	0.22088422
16	55	0.22172613
16	56	0.25629868
16	57	0.13524749
16	58	0.14973997
16	59	0.15617613
16	60	0.22940251
16	61	0.1252361
16	62	0.19440486
16	63	0.07514125
16	64	0.12697173
16	65	0.18357773
16	66	0.17155875
16	67	0.12563027
16	68	0.12299851
16	69	0.20048303
16	70	0.17477551
16	71	0.17180879
16	72	0.158622
16	73	0.17680254
16	74	0.07643309
16	75	0.13289692
16	76	0.09379808
16	77	0.26031314
16	78	0.30489286
16	79	0.19859684
16	80	0.11894568
16	81	0.20613456
16	82	0.16268903
16	83	0.18592622
16	84	0.1776869
16	85	0.27337801
16	86	0.28267733
16	87	0.26867385
16	88	0.20187854
16	89	0.272443
16	90	0.15336229
16	91	0.18984209
16	92	0.20843691
16	93	0.19159254
16	94	0.26413555
16	95	0.20836501
16	96	0.2820615
16	97	0.26536944
17	18	0.60409723
17	19	0.71145732
17	20	0.55402628
17	21	0.47827966
17	22	0.40081486
17	23	0.28666585
17	24	0.27494951
17	25	0.19286947
17	26	0.16940505
17	27	0.21601512
17	28	0.13527896
17	29	0.23396704
17	30	0.23754467
17	31	0.44744115
17	32	0.27577031
17	33	0.20824101
17	34	0.27031911
17	35	0.19661622
17	36	0.20913333
17	37	0.21750636
17	38	0.1040342
17	39	0.21620243
17	40	0.24031725
17	41	0.0954085
17	42	0.20206763
17	43	0.09906144
17	44	0.22722403
17	45	0.14443077
17	46	0.29851226
17	47	0.22401899
17	48	0.18827724
17	49	0.07615432
17	50	0.2204331
17	51	0.12058883
17	52	0.25315833
17	53	0.32299365
17	54	0.20144316
17	55	0.18175901
17	56	0.21672059
17	57	0.27610313
17	58	0.17429017
17	59	0.20332832
17	60	0.16595558
17	61	0.1301335
17	62	0.18894899
17	63	0.1256661
17	64	0.20927333
17	65	0.3083605
17	66	0.35654983
17	67	0.21359982
17	68	0.15753709
17	69	0.21865843
17	70	0.35955605
17	71	0.27807247
17	72	0.26507463
17	73	0.0789846
17	74	0.09532462
17	75	0.13463409
17	76	0.08778284
17	77	0.22222158
17	78	0.13796644
17	79	0.07378437
17	80	0.23020577
17	81	0.2113745
17	82	0.26890349
17	83	0.22995786
17	84	0.28196894
17	85	0.21930615
17	86	0.23388985
17	87	0.10877847
17	88	0.1645419
17	89	0.23036403
17	90	0.26301188
17	91	0.16114437
17	92	0.19285716
17	93	0.2560938
17	94	0.24649944
17	95	0.21592941
17	96	0.26347877
17	97	0.28406964
18	19	0.74611623
18	20	0.59058161
18	21	0.56401298
18	22	0.54160726
18	23	0.42287342
18	24	0.46989837
18	25	0.24193937
18	26	0.32370765
18	27	0.59877994
18	28	0.32414447
18	29	0.15623308
18	30	0.36387253
18	31	0.29770986
18	32	0.15176589
18	33	0.24465646
18	34	0.25950382
18	35	0.16305775
18	36	0.14240783
18	37	0.13716686
18	38	0.28754735
18	39	0.25073244
18	40	0.18905102
18	41	0.205427
18	42	0.26924382
18	43	0.17082532
18	44	0.27218634
18	45	0.15093668
18	46	0.13607716
18	47	0.29410697
18	48	0.17830573
18	49	0.14784901
18	50	0.20855066
18	51	0.16167017
18	52	0.11177635
18	53	0.23112194
18	54	0.20607918
18	55	0.22142475
18	56	0.18803579
18	57	0.17528675
18	58	0.16692125
18	59	0.21970466
18	60	0.18932825
18	61	0.11116265
18	62	0.14656435
18	63	0.12085387
18	64	0.07578399
18	65	0.12504511
18	66	0.1065823
18	67	0.1746394
18	68	0.16266781
18	69	0.16632742
18	70	0.24168112
18	71	0.22098678
18	72	0.07637566
18	73	0.12493795
18	74	0.01871252
18	75	0.20124482
18	76	0.0510931
18	77	0.2658731
18	78	0.16648881
18	79	0.24491518
18	80	0.34974676
18	81	0.69995093
18	82	0.21725085
18	83	0.24902056
18	84	0.20519421
18	85	0.24124765
18	86	0.10589096
18	87	0.17000771
18	88	0.33223442
18	89	0.1715323
18	90	0.15178563
18	91	0.19780279
18	92	0.16177278
18	93	0.17242634
18	94	0.23481779
18	95	0.23975498
18	96	0.28729242
18	97	0.23536125
19	20	0.80838618
19	21	0.96052224
19	22	1.20083644
19	23	0.41217469
19	24	0.17314063
19	25	0.29939701
19	26	0.34591457
19	27	0.54422312
19	28	0.13162209
19	29	0.2255253
19	30	0.32924076
19	31	0.28871627
19	32	0.20283885
19	33	0.16883481
19	34	0.34696433
19	35	0.08013781
19	36	0.19474999
19	37	0.08622886
19	38	0.122669
19	39	0.20312231
19	40	0.13236248
19	41	0.17871569
19	42	0.27097138
19	43	0.09020753
19	44	0.19295908
19	45	0.08512959
19	46	0.0784388
19	47	0.22590957
19	48	0.22329291
19	49	0.0893857
19	50	0.19080167
19	51	0.16462662
19	52	0.32121483
19	53	0.24181879
19	54	0.16960443
19	55	0.3877903
19	56	0.17893294
19	57	0.17586014
19	58	0.28627753
19	59	0.28853134
19	60	0.2305774
19	61	0.08480949
19	62	0.14075821
19	63	0.07838863
19	64	0.1029536
19	65	0.19222002
19	66	0.22645011
19	67	0.24638146
19	68	0.12623825
19	69	0.18420924
19	70	0.23282264
19	71	0.13984309
19	72	0.20020794
19	73	0.18302646
19	74	0.12715719
19	75	0.05967451
19	76	0.06834698
19	77	0.20217639
19	78	0.21130068
19	79	0.14126075
19	80	0.40163873
19	81	0.15797174
19	82	0.26868541
19	83	0.12207467
19	84	0.29422412
19	85	0.26555984
19	86	0.24024345
19	87	0.24925761
19	88	0.27500455
19	89	0.24538946
19	90	0.26940659
19	91	0.25455211
19	92	0.2697477
19	93	0.19182004
19	94	0.28660034
19	95	0.25245135
19	96	0.21773663
19	97	0.29978847
20	21	0.9437083
20	22	0.6238718
20	23	0.41365987
20	24	0.36285482
20	25	0.22897412
20	26	0.29836008
20	27	0.26953891
20	28	0.26091535
20	29	0.15930385
20	30	0.3298407
20	31	0.30720354
20	32	0.29112139
20	33	0.20787852
20	34	0.27836491
20	35	0.23515461
20	36	0.17978825
20	37	0.11593298
20	38	0.16146963
20	39	0.24194973
20	40	0.29603586
20	41	0.1710429
20	42	0.2726423
20	43	0.17897259
20	44	0.21281284
20	45	0.20041541
20	46	0.17970488
20	47	0.2343542
20	48	0.1544402
20	49	0.14511566
20	50	0.30111308
20	51	0.0693234
20	52	0.18703541
20	53	0.26542526
20	54	0.23266975
20	55	0.2923041
20	56	0.26838221
20	57	0.17159134
20	58	0.14509051
20	59	0.25806609
20	60	0.3256676
20	61	0.19518659
20	62	0.33402492
20	63	0.06062026
20	64	0.16017117
20	65	0.31042715
20	66	0.34022778
20	67	0.23346323
20	68	0.15328901
20	69	0.18764374
20	70	0.20956951
20	71	0.19553637
20	72	0.22250101
20	73	0.17994225
20	74	0.0
20	75	0.25068289
20	76	0.14469025
20	77	0.24944491
20	78	0.18460214
20	79	0.23937661
20	80	0.27390871
20	81	0.26682883
20	82	0.34228361
20	83	0.29106811
20	84	0.31351883
20	85	0.21402779
20	86	0.19148403
20	87	0.16695693
20	88	0.21331098
20	89	0.19096742
20	90	0.15975451
20	91	0.19602097
20	92	0.21597803
20	93	0.24684376
20	94	0.27261103
20	95	0.19903778
20	96	0.19465726
20	97	0.20098842
21	22	0.70641857
21	23	0.57684896
21	24	0.2261795
21	25	0.28337231
21	26	0.32537375
21	27	0.32178837
21	28	0.23827421
21	29	0.22612685
21	30	0.43423828
21	31	0.26825334
21	32	0.33672287
21	33	0.23487964
21	34	0.27180494
21	35	0.30329505
21	36	0.26254917
21	37	0.14932336
21	38	0.1370127
21	39	0.21459267
21	40	0.21436008
21	41	0.22630097
21	42	0.19612895
21	43	0.20947487
21	44	0.22394247
21	45	0.08709931
21	46	0.25685529
21	47	0.21428536
21	48	0.11840729
21	49	0.12541297
21	50	0.27083717
21	51	0.19117081
21	52	0.22795239
21	53	0.20795049
21	54	0.25848268
21	55	0.29657261
21	56	0.30584557
21	57	0.21443829
21	58	0.09991366
21	59	0.33215569
21	60	0.11979467
21	61	0.15267159
21	62	0.0978157
21	63	0.22750038
21	64	0.1392767
21	65	0.28818318
21	66	0.15785535
21	67	0.25432926
21	68	0.2013432
21	69	0.17675972
21	70	0.31598078
21	71	0.23702268
21	72	0.13364647
21	73	0.17204463
21	74	0.13699936
21	75	0.19318463
21	76	0.07763857
21	77	0.18313836
21	78	0.20392388
21	79	0.0619591
21	80	0.41414977
21	81	0.26781375
21	82	0.39289745
21	83	0.14370491
21	84	0.3725693
21	85	0.09498269
21	86	0.15650215
21	87	0.20824114
21	88	0.14593604
21	89	0.19993284
21	90	0.20852268
21	91	0.19155895
21	92	0.19617946
21	93	0.19195246
21	94	0.16516536
21	95	0.18393743
21	96	0.24701885
21	97	0.25951124
22	23	0.82339753
22	24	0.33311696
22	25	0.2207348
22	26	0.56204605
22	27	0.81596143
22	28	0.27634653
22	29	0.198649
22	30	1.71597098
22	31	0.36546314
22	32	0.18246694
22	33	0.23615476
22	34	0.23175653
22	35	0.17598752
22	36	0.21314317
22	37	0.18702247
22	38	0.23983064
22	39	0.1902308
22	40	0.21770882
22	41	0.21334448
22	42	0.20110153
22	43	0.14894001
22	44	0.18238576
22	45	0.23097943
22	46	0.18683923
22	47	0.17721804
22	48	0.11638321
22	49	0.14963278
22	50	0.21373986
22	51	0.20704301
22	52	0.25228812
22	53	0.24286492
22	54	0.24208291
22	55	0.1385296
22	56	0.11990351
22	57	0.17630716
22	58	0.07674033
22	59	0.1755891
22	60	0.13462293
22	61	0.18350592
22	62	0.10884446
22	63	0.04567928
22	64	0.19213491
22	65	0.20094257
22	66	0.24576137
22	67	0.13030903
22	68	0.11398949
22	69	0.29779211
22	70	0.12950953
22	71	0.16670725
22	72	0.20095259
22	73	0.20922242
22	74	0.09321454
22	75	0.22535325
22	76	0.16347384
22	77	0.20540979
22	78	0.09296309
22	79	0.1227649
22	80	0.31824162
22	81	0.23558129
22	82	0.17641827
22	83	0.15231107
22	84	0.2141234
22	85	0.25153486
22	86	0.16584722
22	87	0.24325926
22	88	0.20757272
22	89	0.17964874
22	90	0.21858802
22	91	0.18329522
22	92	0.13061625
22	93	0.21112513
22	94	0.25710107
22	95	0.23679372
22	96	0.25469326
22	97	0.25011827
23	24	0.46060823
23	25	0.47756375
23	26	0.76790866
23	27	0.35696164
23	28	0.30048117
23	29	0.41075474
23	30	0.2991197
23	31	0.1779898
23	32	0.26531368
23	33	0.19806965
23	34	0.1814929
23	35	0.23312881
23	36	0.18224889
23	37	0.19758117
23	38	0.20447018
23	39	0.28787393
23	40	0.26683333
23	41	0.1849888
23	42	0.34954591
23	43	0.25179959
23	44	0.35254363
23	45	0.25022432
23	46	0.18673389
23	47	0.32126344
23	48	0.1874967
23	49	0.25959124
23	50	0.27243734
23	51	0.12463025
23	52	0.21874087
23	53	0.26786625
23	54	0.21623203
23	55	0.22037934
23	56	0.19090169
23	57	0.19156056
23	58	0.18582463
23	59	0.27894266
23	60	0.29240069
23	61	0.18330732
23	62	0.27386045
23	63	0.17345196
23	64	0.19476175
23	65	0.23245946
23	66	0.17113717
23	67	0.28013195
23	68	0.16379335
23	69	0.19472975
23	70	0.28902774
23	71	0.16589732
23	72	0.26885944
23	73	0.1981822
23	74	0.16888591
23	75	0.08989465
23	76	0.17596472
23	77	0.26066648
23	78	0.28843235
23	79	0.2977136
23	80	0.34958759
23	81	0.31867699
23	82	0.25047226
23	83	0.22214776
23	84	0.10255148
23	85	0.17047005
23	86	0.19699564
23	87	0.27175615
23	88	0.16415539
23	89	0.25275447
23	90	0.20033382
23	91	0.12073558
23	92	0.23256068
23	93	0.22170404
23	94	0.19908869
23	95	0.21371639
23	96	0.20961612
23	97	0.30116494
24	25	0.46201933
24	26	0.2600828
24	27	0.29844014
24	28	0.60855107
24	29	0.15107257
24	30	0.20921926
24	31	0.24342915
24	32	0.46898076
24	33	0.38693552
24	34	0.16636022
24	35	0.47670415
24	36	0.37292002
24	37	0.21254721
24	38	0.15050792
24	39	0.23107494
24	40	0.2051401
24	41	0.22890791
24	42	0.27843751
24	43	0.29581383
24	44	0.27199845
24	45	0.27299862
24	46	0.24808757
24	47	0.19413301
24	48	0.18468185
24	49	0.38833314
24	50	0.12558468
24	51	0.31045073
24	52	0.14633033
24	53	0.15831019
24	54	0.39320228
24	55	0.10059706
24	56	0.4115861
24	57	0.35028374
24	58	0.19201807
24	59	0.08770413
24	60	0.14193407
24	61	0.1308916
24	62	0.38086746
24	63	0.08704741
24	64	0.29144214
24	65	0.01316882
24	66	0.12984783
24	67	0.17237914
24	68	0.13066062
24	69	0.1507413
24	70	0.12541206
24	71	0.10237614
24	72	0.31877889
24	73	0.31008647
24	74	0.65253005
24	75	0.35217404
24	76	0.54565735
24	77	0.26385643
24	78	0.05791553
24	79	0.32142548
24	80	0.08790247
24	81	0.47908976
24	82	0.24070047
24	83	0.18331557
24	84	0.27695145
24	85	0.56006961
24	86	0.02392594
24	87	0.30001097
24	88	0.19925004
24	89	0.26724321
24	90	0.27404983
24	91	0.1913113
24	92	0.30635832
24	93	0.19389226
24	94	0.14485714
24	95	0.2667278
24	96	0.31933801
24	97	0.29580949
25	26	0.27727889
25	27	0.26599067
25	28	0.374228
25	29	0.61370101
25	30	0.28588173
25	31	0.23324385
25	32	0.28131351
25	33	0.25424819
25	34	0.28801299
25	35	0.48376896
25	36	0.34943543
25	37	1.49489131
25	38	0.14490359
25	39	0.33395778
25	40	0.48885653
25	41	0.26690783
25	42	0.27532861
25	43	0.3586126
25	44	0.25325709
25	45	0.15831602
25	46	0.28769269
25	47	0.25181079
25	48	0.3450931
25	49	0.23196234
25	50	0.2776055
25	51	0.32450918
25	52	0.24998691
25	53	0.19985457
25	54	0.22678127
25	55	0.15248374
25	56	0.21427107
25	57	0.1628274
25	58	0.19728068
25	59	0.12654332
25	60	0.10328765
25	61	0.20776515
25	62	0.17058484
25	63	0.19024289
25	64	0.28222115
25	65	0.16082652
25	66	0.21377767
25	67	0.19409898
25	68	0.16687299
25	69	0.15489534
25	70	0.19332655
25	71	0.14489249
25	72	0.24249625
25	73	0.14823653
25	74	0.24635857
25	75	0.30884116
25	76	0.36604127
25	77	0.27940372
25	78	0.27175463
25	79	0.23699476
25	80	0.22212564
25	81	0.30904023
25	82	0.22277547
25	83	0.19231742
25	84	0.19535019
25	85	0.17595236
25	86	0.23256611
25	87	0.3145592
25	88	0.2206786
25	89	0.22932341
25	90	0.18858015
25	91	0.1419201
25	92	0.23188049
25	93	0.22359369
25	94	0.18578689
25	95	0.23164512
25	96	0.26146615
25	97	0.25745237
26	27	0.42952141
26	28	0.24105428
26	29	0.63892237
26	30	0.51023403
26	31	0.2986571
26	32	0.22598155
26	33	0.30317142
26	34	0.40249648
26	35	0.1559423
26	36	0.2422014
26	37	0.25811768
26	38	0.39928406
26	39	0.19094287
26	40	0.84440098
26	41	0.20791242
26	42	0.17503638
26	43	0.28532343
26	44	0.1901077
26	45	0.30525264
26	46	0.27575167
26	47	0.19678315
26	48	0.20515815
26	49	0.18645468
26	50	0.26491914
26	51	0.15895478
26	52	0.28495614
26	53	0.26412671
26	54	0.19928114
26	55	0.1862773
26	56	0.2396756
26	57	0.2805607
26	58	0.13735199
26	59	0.25383857
26	60	0.11920892
26	61	0.2997079
26	62	0.28731018
26	63	0.31122402
26	64	0.14534645
26	65	0.20970471
26	66	0.30664789
26	67	0.27832079
26	68	0.26146591
26	69	0.35921955
26	70	0.27908445
26	71	0.28013508
26	72	0.28321206
26	73	0.19080951
26	74	0.10791445
26	75	0.33662033
26	76	0.24288941
26	77	0.20706163
26	78	0.18161914
26	79	0.24591913
26	80	0.29345427
26	81	0.25749205
26	82	0.18536241
26	83	0.26401942
26	84	0.27165243
26	85	0.1970481
26	86	0.27588225
26	87	0.24237355
26	88	0.10221339
26	89	0.26475375
26	90	0.32695381
26	91	0.27737549
26	92	0.1661776
26	93	0.21877728
26	94	0.18728395
26	95	0.22362675
26	96	0.27009664
26	97	0.25419971
27	28	0.49977819
27	29	0.41011613
27	30	0.50590134
27	31	1.01051799
27	32	0.25661178
27	33	0.36198663
27	34	0.22835208
27	35	0.43030774
27	36	0.33860185
27	37	0.28337937
27	38	0.30082762
27	39	0.25269797
27	40	0.27752127
27	41	0.27156145
27	42	0.3034243
27	43	0.27548958
27	44	0.25582076
27	45	0.24263052
27	46	0.25728227
27	47	0.27282735
27	48	0.14866221
27	49	0.18755345
27	50	0.15972113
27	51	0.10183602
27	52	0.22861942
27	53	0.13125055
27	54	0.2445647
27	55	0.1966141
27	56	0.21242778
27	57	0.30348496
27	58	0.21069483
27	59	0.19949958
27	60	0.21362269
27	61	0.23757714
27	62	0.13133304
27	63	0.17440315
27	64	0.26491743
27	65	0.28753722
27	66	0.13590954
27	67	0.21898599
27	68	0.09355541
27	69	0.19616629
27	70	0.25066796
27	71	0.15191806
27	72	0.23922126
27	73	0.191179
27	74	0.1647342
27	75	0.15077404
27	76	0.27168116
27	77	0.19456113
27	78	0.26762514
27	79	0.07261079
27	80	0.45183044
27	81	0.48330317
27	82	0.15176816
27	83	0.25165998
27	84	0.39027442
27	85	0.26683157
27	86	0.2606043
27	87	0.25674822
27	88	0.34901829
27	89	0.21266629
27	90	0.2292704
27	91	0.18843483
27	92	0.21311168
27	93	0.20794825
27	94	0.26458936
27	95	0.31509181
27	96	0.19626953
27	97	0.26165187
28	29	0.39112267
28	30	0.36090812
28	31	0.65253175
28	32	0.31581105
28	33	0.67547221
28	34	0.40527432
28	35	1.43045785
28	36	0.31172826
28	37	0.37456262
28	38	0.48783888
28	39	0.25801938
28	40	0.24478049
28	41	0.30704024
28	42	0.14333328
28	43	0.35459337
28	44	0.26233811
28	45	0.32696291
28	46	0.365694
28	47	0.21234705
28	48	0.16286292
28	49	0.46143381
28	50	0.20089579
28	51	0.28697563
28	52	0.18330813
28	53	0.14036537
28	54	0.23013301
28	55	0.19679484
28	56	0.27887702
28	57	0.14423654
28	58	0.19459548
28	59	0.26956374
28	60	0.18371289
28	61	0.2234094
28	62	0.24101249
28	63	0.3399794
28	64	0.20773873
28	65	0.2363176
28	66	0.05783752
28	67	0.16579427
28	68	0.22884736
28	69	0.16733214
28	70	0.09260682
28	71	0.20136255
28	72	0.1915621
28	73	0.22577426
28	74	0.28313164
28	75	0.24585836
28	76	0.36226088
28	77	0.25432658
28	78	0.28971396
28	79	0.2449505
28	80	0.24078882
28	81	0.18355333
28	82	0.17635175
28	83	0.20373881
28	84	0.1922909
28	85	0.18897205
28	86	0.26644888
28	87	0.19541191
28	88	0.09901234
28	89	0.34741659
28	90	0.18790598
28	91	0.13983661
28	92	0.22823914
28	93	0.2150254
28	94	0.15733627
28	95	0.14871829
28	96	0.26009915
28	97	0.24600071
29	30	0.4324455
29	31	0.34010384
29	32	0.27800985
29	33	0.33832212
29	34	0.45630359
29	35	0.48432552
29	36	0.32927338
29	37	1.22598475
29	38	0.45514378
29	39	0.20685715
29	40	1.46359893
29	41	0.37436683
29	42	0.1928216
29	43	0.37004175
29	44	0.23806145
29	45	0.15902744
29	46	0.36223742
29	47	0.237876
29	48	0.33428817
29	49	0.2039494
29	50	0.37686158
29	51	0.30490654
29	52	0.22968321
29	53	0.13604472
29	54	0.17321042
29	55	0.23712238
29	56	0.08260073
29	57	0.19468162
29	58	0.15572236
29	59	0.37761764
29	60	0.18203117
29	61	0.19880076
29	62	0.25038534
29	63	0.19637634
29	64	0.16057459
29	65	0.11006323
29	66	0.20511184
29	67	0.16256561
29	68	0.18373703
29	69	0.18579068
29	70	0.24646972
29	71	0.26701558
29	72	0.20573249
29	73	0.24515988
29	74	0.19957038
29	75	0.38886661
29	76	0.14939688
29	77	0.19659632
29	78	0.41911683
29	79	0.1380396
29	80	0.4253076
29	81	0.17117251
29	82	0.20072199
29	83	0.26423573
29	84	0.15673312
29	85	0.1365357
29	86	0.18173497
29	87	0.23226753
29	88	0.0488992
29	89	0.29099435
29	90	0.1888056
29	91	0.21742973
29	92	0.2294405
29	93	0.34211462
29	94	0.20301165
29	95	0.26790652
29	96	0.21328947
29	97	0.21902361
30	31	0.69569092
30	32	0.24162391
30	33	0.3334922
30	34	0.53785956
30	35	0.12720139
30	36	0.25547362
30	37	0.23003966
30	38	0.1638898
30	39	0.20387136
30	40	0.29885125
30	41	0.31794221
30	42	0.26755457
30	43	0.29906642
30	44	0.22027173
30	45	0.19484936
30	46	0.27187712
30	47	0.20880787
30	48	0.10725679
30	49	0.16306078
30	50	0.2192962
30	51	0.25008467
30	52	0.3626217
30	53	0.35049263
30	54	0.23705877
30	55	0.21035912
30	56	0.10740549
30	57	0.3526774
30	58	0.19437884
30	59	0.19629518
30	60	0.27428738
30	61	0.31389288
30	62	0.20963897
30	63	0.11703631
30	64	0.14886019
30	65	0.1972818
30	66	0.2623717
30	67	0.26578882
30	68	0.23743749
30	69	0.17152285
30	70	0.27231268
30	71	0.28337713
30	72	0.29964701
30	73	0.23622337
30	74	0.15169743
30	75	0.3230102
30	76	0.16592512
30	77	0.20504663
30	78	0.12224169
30	79	0.21387783
30	80	0.22672742
30	81	0.14249
30	82	0.16630406
30	83	0.2257225
30	84	0.28047769
30	85	0.12958101
30	86	0.20867965
30	87	0.29759821
30	88	0.21541512
30	89	0.15925293
30	90	0.14700554
30	91	0.23017237
30	92	0.22504142
30	93	0.19413482
30	94	0.22206079
30	95	0.20536443
30	96	0.2836139
30	97	0.23744821
31	32	0.6944455
31	33	0.77426105
31	34	0.25732519
31	35	0.28522805
31	36	0.28286044
31	37	0.26370395
31	38	0.15404086
31	39	0.20337612
31	40	0.15588557
31	41	0.27582548
31	42	0.30116809
31	43	0.28658549
31	44	0.22952479
31	45	0.25187844
31	46	0.11008804
31	47	0.17758526
31	48	0.24665086
31	49	0.22954864
31	50	0.3372109
31	51	0.19839085
31	52	0.21402902
31	53	0.27915122
31	54	0.2579175
31	55	0.39376276
31	56	0.22227039
31	57	0.19109408
31	58	0.1993261
31	59	0.16727583
31	60	0.22972953
31	61	0.25169665
31	62	0.14873951
31	63	0.21570725
31	64	0.23758365
31	65	0.18654514
31	66	0.25980385
31	67	0.31175544
31	68	0.20021271
31	69	0.26703513
31	70	0.26093098
31	71	0.24962645
31	72	0.23514077
31	73	0.24059964
31	74	0.30593656
31	75	0.23036478
31	76	0.21360414
31	77	0.1692025
31	78	0.2276805
31	79	0.14167119
31	80	0.23471778
31	81	0.22440494
31	82	0.20320663
31	83	0.13160706
31	84	0.27202333
31	85	0.19150646
31	86	0.20942443
31	87	0.37275986
31	88	0.13550679
31	89	0.19317135
31	90	0.22123892
31	91	0.23557565
31	92	0.19039455
31	93	0.21304072
31	94	0.27092153
31	95	0.24198565
31	96	0.2617991
31	97	0.24997374
32	33	1.07833338
32	34	0.52467092
32	35	0.32304042
32	36	0.21487041
32	37	0.35595985
32	38	0.27618423
32	39	0.33537372
32	40	0.27155376
32	41	0.31280587
32	42	0.22667062
32	43	0.36406901
32	44	0.2382119
32	45	0.20564578
32	46	0.30130879
32	47	0.23985915
32	48	0.25679826
32	49	0.21489658
32	50	0.22123598
32	51	0.31762585
32	52	0.25626766
32	53	0.4171624
32	54	0.27132308
32	55	0.06221448
32	56	0.23493065
32	57	0.27301346
32	58	0.13384941
32	59	0.19811725
32	60	0.3150435
32	61	0.3064136
32	62	0.18315881
32	63	0.2305175
32	64	0.10259292
32	65	0.15815184
32	66	0.20731348
32	67	0.30300127
32	68	0.18041289
32	69	0.25636351
32	70	0.19942385
32	71	0.33475508
32	72	0.22115611
32	73	0.17241581
32	74	0.25346191
32	75	0.17018717
32	76	0.19093544
32	77	0.25141697
32	78	0.13811906
32	79	0.24141232
32	80	0.37325096
32	81	0.27494799
32	82	0.27514057
32	83	0.29257363
32	84	0.23443574
32	85	0.21105563
32	86	0.26345622
32	87	0.32369619
32	88	0.21513145
32	89	0.22559781
32	90	0.26144104
32	91	0.20543896
32	92	0.25367484
32	93	0.25132883
32	94	0.2069899
32	95	0.18931134
32	96	0.20586024
32	97	0.25271816
33	34	0.43898232
33	35	0.98827687
33	36	0.30167461
33	37	0.45911129
33	38	0.22868885
33	39	0.26694695
33	40	0.12285206
33	41	0.35624431
33	42	0.2347451
33	43	0.3983556
33	44	0.25956442
33	45	0.16754672
33	46	0.32731558
33	47	0.29870403
33	48	0.20901014
33	49	0.21407791
33	50	0.268438
33	51	0.18210396
33	52	0.1594628
33	53	0.19945075
33	54	0.19836113
33	55	0.26223468
33	56	0.11090317
33	57	0.26140399
33	58	0.17567686
33	59	0.26642442
33	60	0.2379562
33	61	0.19097931
33	62	0.16357309
33	63	0.11502926
33	64	0.1136365
33	65	0.1097172
33	66	0.22503848
33	67	0.26828231
33	68	0.14997944
33	69	0.30694607
33	70	0.20400318
33	71	0.21780232
33	72	0.30683175
33	73	0.2299806
33	74	0.18562199
33	75	0.21364604
33	76	0.29495876
33	77	0.23638579
33	78	0.22373284
33	79	0.28646054
33	80	0.21340088
33	81	0.22942772
33	82	0.2411119
33	83	0.17724748
33	84	0.304377
33	85	0.1380869
33	86	0.21646774
33	87	0.29608167
33	88	0.25731997
33	89	0.24918244
33	90	0.16551108
33	91	0.18009074
33	92	0.19986794
33	93	0.22704689
33	94	0.12765853
33	95	0.25718105
33	96	0.24327647
33	97	0.25604167
34	35	0.62453617
34	36	0.7067686
34	37	0.65864261
34	38	0.50270899
34	39	0.18677348
34	40	0.36351103
34	41	0.47558137
34	42	0.1616206
34	43	0.30712073
34	44	0.19380827
34	45	0.23465991
34	46	0.35484277
34	47	0.18393303
34	48	0.32575402
34	49	0.33063825
34	50	0.26969879
34	51	0.18784528
34	52	0.23981045
34	53	0.22619082
34	54	0.16991874
34	55	0.11789353
34	56	0.08990782
34	57	0.14457471
34	58	0.12831971
34	59	0.29939753
34	60	0.36858437
34	61	0.40434701
34	62	0.24846648
34	63	0.19352369
34	64	0.24695159
34	65	0.43627174
34	66	0.23801567
34	67	0.35579711
34	68	0.19300359
34	69	0.26935336
34	70	0.30791213
34	71	0.3091615
34	72	0.32822174
34	73	0.33864026
34	74	0.22868275
34	75	0.15582143
34	76	0.36031885
34	77	0.17615096
34	78	0.2413182
34	79	0.13183973
34	80	0.28202225
34	81	0.33814308
34	82	0.19371364
34	83	0.13684411
34	84	0.23001824
34	85	0.23642122
34	86	0.1058955
34	87	0.27068059
34	88	0.19755741
34	89	0.17360002
34	90	0.28516663
34	91	0.16477203
34	92	0.26705211
34	93	0.26002426
34	94	0.21723996
34	95	0.20662534
34	96	0.23667811
34	97	0.29109407
35	36	0.60309387
35	37	0.51540025
35	38	0.21315746
35	39	0.3342216
35	40	0.24887854
35	41	0.29574817
35	42	0.21250676
35	43	0.33050718
35	44	0.25031012
35	45	0.50016229
35	46	0.45265693
35	47	0.23982285
35	48	0.32665324
35	49	0.54918256
35	50	0.2513548
35	51	0.3131274
35	52	0.22381589
35	53	0.21024139
35	54	0.21478708
35	55	0.11731958
35	56	0.10351771
35	57	0.16786496
35	58	0.18876913
35	59	0.21077795
35	60	0.22727233
35	61	0.20622065
35	62	0.16296037
35	63	0.11974906
35	64	0.17518479
35	65	0.10847225
35	66	0.25481908
35	67	0.41080507
35	68	0.18052447
35	69	0.13598225
35	70	0.27205052
35	71	0.2968923
35	72	0.16968098
35	73	0.18099753
35	74	0.21104613
35	75	0.25362379
35	76	0.89272891
35	77	0.19138604
35	78	0.22930798
35	79	0.39290138
35	80	0.24700285
35	81	0.2856358
35	82	0.22600153
35	83	0.12914243
35	84	0.21557833
35	85	0.18129074
35	86	0.19507073
35	87	0.16940961
35	88	0.14060524
35	89	0.27277125
35	90	0.17358716
35	91	0.23339847
35	92	0.26252696
35	93	0.13312673
35	94	0.15696982
35	95	0.16798768
35	96	0.15892024
35	97	0.19777676
36	37	0.54589535
36	38	0.69876243
36	39	0.20691768
36	40	0.36079006
36	41	0.37155776
36	42	0.34619041
36	43	0.46313173
36	44	0.20259846
36	45	0.22204488
36	46	0.7553441
36	47	0.2079884
36	48	0.47021994
36	49	0.28618936
36	50	0.25007842
36	51	0.32874817
36	52	0.23970106
36	53	0.35103426
36	54	0.27130198
36	55	0.33666311
36	56	0.177639
36	57	0.24700742
36	58	0.29656193
36	59	0.28775505
36	60	0.17535454
36	61	0.44321092
36	62	0.19545886
36	63	0.38401756
36	64	0.20474885
36	65	0.23205094
36	66	0.19798242
36	67	0.21808054
36	68	0.2275681
36	69	0.21609882
36	70	0.371448
36	71	0.22272901
36	72	0.34621099
36	73	0.36199388
36	74	0.13773177
36	75	0.21172803
36	76	0.30696952
36	77	0.20825075
36	78	0.38985053
36	79	0.19214435
36	80	0.24718342
36	81	0.33814542
36	82	0.22715383
36	83	0.22792655
36	84	0.29346556
36	85	0.27219558
36	86	0.25631921
36	87	0.29568843
36	88	0.26407868
36	89	0.28593396
36	90	0.26779347
36	91	0.20933379
36	92	0.25383142
36	93	0.17549008
36	94	0.21100501
36	95	0.25740875
36	96	0.20642543
36	97	0.20597613
37	38	0.58366818
37	39	0.29614427
37	40	0.76603527
37	41	0.46161649
37	42	0.34688162
37	43	0.7139644
37	44	0.21011289
37	45	0.32737664
37	46	0.4071648
37	47	0.19192431
37	48	0.14172468
37	49	0.29160357
37	50	0.25280126
37	51	0.18134351
37	52	0.17938243
37	53	0.13600354
37	54	0.10357559
37	55	0.13936793
37	56	0.27457504
37	57	0.071422
37	58	0.15574506
37	59	0.26378694
37	60	0.3478649
37	61	0.29827418
37	62	0.22512098
37	63	0.36086421
37	64	0.2458082
37	65	0.17938339
37	66	0.07005514
37	67	0.05776137
37	68	0.26341565
37	69	0.29914155
37	70	0.10681346
37	71	0.19095386
37	72	0.23487068
37	73	0.22647149
37	74	0.12517781
37	75	0.39426286
37	76	0.3062175
37	77	0.20623808
37	78	0.46015983
37	79	0.36603475
37	80	0.15094256
37	81	0.11097287
37	82	0.13817571
37	83	0.26060494
37	84	0.2023035
37	85	0.10644879
37	86	0.2184945
37	87	0.15226602
37	88	0.13798882
37	89	0.17844626
37	90	0.30003772
37	91	0.2861207
37	92	0.20319407
37	93	0.21268198
37	94	0.29879415
37	95	0.16915737
37	96	0.24930891
37	97	0.16180672
38	39	0.19127844
38	40	0.4456362
38	41	0.87609966
38	42	0.31269203
38	43	0.82160169
38	44	0.1746919
38	45	0.39757465
38	46	0.78140049
38	47	0.20286853
38	48	0.4880541
38	49	0.34024781
38	50	0.13285917
38	51	0.4060538
38	52	0.24026724
38	53	0.24411393
38	54	0.25087604
38	55	0.22999331
38	56	0.19586421
38	57	0.30195035
38	58	0.18699471
38	59	0.20631787
38	60	0.25407528
38	61	0.3239016
38	62	0.42767594
38	63	0.55504169
38	64	0.24870469
38	65	0.206579
38	66	0.23759696
38	67	0.30327013
38	68	0.33072955
38	69	0.26082433
38	70	0.218413
38	71	0.11604676
38	72	0.16944782
38	73	0.36766753
38	74	0.34677076
38	75	0.55115665
38	76	0.34169657
38	77	0.19327692
38	78	0.41266396
38	79	0.4224454
38	80	0.23645491
38	81	0.21646555
38	82	0.11620886
38	83	0.11574147
38	84	0.2265314
38	85	0.35740181
38	86	0.31906064
38	87	0.23191493
38	88	0.15373529
38	89	0.22197518
38	90	0.23087053
38	91	0.26886744
38	92	0.21439916
38	93	0.14692396
38	94	0.21299792
38	95	0.18142553
38	96	0.23544905
38	97	0.19698162
39	40	0.23875506
39	41	0.23405693
39	42	0.4471567
39	43	0.18209586
39	44	0.66657337
39	45	0.28907602
39	46	0.23250517
39	47	0.64802521
39	48	0.19484885
39	49	0.20438955
39	50	0.19558174
39	51	0.31334721
39	52	0.21797243
39	53	0.20703873
39	54	0.23620646
39	55	0.26889104
39	56	0.24241023
39	57	0.29282339
39	58	0.27678199
39	59	0.25125348
39	60	0.22728054
39	61	0.18736756
39	62	0.21236952
39	63	0.22365532
39	64	0.27613218
39	65	0.20012367
39	66	0.22346558
39	67	0.20326461
39	68	0.21399817
39	69	0.23950826
39	70	0.24955437
39	71	0.28111446
39	72	0.21069908
39	73	0.20608156
39	74	0.26331316
39	75	0.23599035
39	76	0.21230978
39	77	0.53248571
39	78	0.22715223
39	79	0.24081431
39	80	0.20488556
39	81	0.20812661
39	82	0.20968091
39	83	0.20753841
39	84	0.2554651
39	85	0.27497351
39	86	0.20508386
39	87	0.35229459
39	88	0.26487015
39	89	0.34854807
39	90	0.30721186
39	91	0.29095611
39	92	0.37034585
39	93	0.27826143
39	94	0.29656305
39	95	0.28975114
39	96	0.25772698
39	97	0.29532688
40	41	0.51728043
40	42	0.30308962
40	43	0.42628592
40	44	0.17747927
40	45	0.55273731
40	46	0.37172695
40	47	0.22709493
40	48	0.34051449
40	49	0.22430016
40	50	0.29243369
40	51	0.24333992
40	52	0.18067167
40	53	0.05349209
40	54	0.17537261
40	55	0.25084209
40	56	0.2511103
40	57	0.22101593
40	58	0.16259515
40	59	0.30372446
40	60	0.26762233
40	61	0.38456535
40	62	0.43344679
40	63	0.31874892
40	64	0.31169132
40	65	0.41739809
40	66	0.2893709
40	67	0.27174153
40	68	0.19000214
40	69	0.22554303
40	70	0.1903881
40	71	0.33108363
40	72	0.16018706
40	73	0.22627299
40	74	0.34590184
40	75	0.29610614
40	76	0.13920605
40	77	0.20936535
40	78	0.26083858
40	79	0.24650175
40	80	0.1724778
40	81	0.29296562
40	82	0.20663661
40	83	0.25915808
40	84	0.21000981
40	85	0.25322798
40	86	0.2007479
40	87	0.10538463
40	88	0.06868879
40	89	0.18350272
40	90	0.25400447
40	91	0.20792855
40	92	0.29100859
40	93	0.27150876
40	94	0.15358793
40	95	0.29021386
40	96	0.24955323
40	97	0.20635757
41	42	0.20813616
41	43	0.8007906
41	44	0.21821724
41	45	0.56757457
41	46	0.91085015
41	47	0.22301043
41	48	0.61510097
41	49	0.52629233
41	50	0.22465564
41	51	0.30041872
41	52	0.14496129
41	53	0.20221124
41	54	0.15551708
41	55	0.11012745
41	56	0.21104124
41	57	0.25940109
41	58	0.22555749
41	59	0.38893728
41	60	0.4675024
41	61	0.45090191
41	62	0.48972319
41	63	0.41031258
41	64	0.2349934
41	65	0.21992395
41	66	0.16034306
41	67	0.34621075
41	68	0.30974808
41	69	0.45161407
41	70	0.20177371
41	71	0.1794784
41	72	0.13786517
41	73	0.25997439
41	74	0.25539392
41	75	0.36953655
41	76	0.42717509
41	77	0.14958983
41	78	0.48346724
41	79	0.27193081
41	80	0.34190276
41	81	0.06049103
41	82	0.16731694
41	83	0.2146237
41	84	0.26633806
41	85	0.07069127
41	86	0.23221426
41	87	0.30490305
41	88	0.16439806
41	89	0.23353974
41	90	0.24391718
41	91	0.26397816
41	92	0.24052222
41	93	0.1697091
41	94	0.15637957
41	95	0.14826458
41	96	0.18162957
41	97	0.17858427
42	43	0.39364481
42	44	0.51399501
42	45	0.42313986
42	46	0.25806677
42	47	0.52208841
42	48	0.24220974
42	49	0.18452024
42	50	0.23241031
42	51	0.18821839
42	52	0.31177351
42	53	0.34281674
42	54	0.22321398
42	55	0.33051157
42	56	0.27808114
42	57	0.25734087
42	58	0.26970847
42	59	0.2272982
42	60	0.34521875
42	61	0.15739599
42	62	0.21880333
42	63	0.31623019
42	64	0.34525973
42	65	0.23913817
42	66	0.29663069
42	67	0.263824
42	68	0.28301448
42	69	0.32409429
42	70	0.22598054
42	71	0.27221237
42	72	0.2560384
42	73	0.20408909
42	74	0.311032
42	75	0.18119642
42	76	0.23859231
42	77	0.45275237
42	78	0.30069138
42	79	0.30375049
42	80	0.21189711
42	81	0.30070344
42	82	0.19560948
42	83	0.19941758
42	84	0.22517248
42	85	0.20179321
42	86	0.1445462
42	87	0.22945118
42	88	0.25109288
42	89	0.2659137
42	90	0.26204285
42	91	0.23091456
42	92	0.27173363
42	93	0.22604587
42	94	0.23418235
42	95	0.21671632
42	96	0.23104376
42	97	0.23774941
43	44	0.18894159
43	45	0.50853343
43	46	0.72647917
43	47	0.18251705
43	48	0.54407821
43	49	0.26577468
43	50	0.29866535
43	51	0.28996341
43	52	0.30673276
43	53	0.08396024
43	54	0.21408493
43	55	0.11772387
43	56	0.25788124
43	57	0.23562618
43	58	0.28362378
43	59	0.34007967
43	60	0.2939091
43	61	0.59582183
43	62	0.53635551
43	63	0.38329656
43	64	0.26943438
43	65	0.28856264
43	66	0.23991884
43	67	0.34022982
43	68	0.28599456
43	69	0.20987392
43	70	0.13939917
43	71	0.21244255
43	72	0.17708238
43	73	0.43577643
43	74	0.37959065
43	75	0.62287204
43	76	0.22045696
43	77	0.26625955
43	78	0.60678916
43	79	0.45842911
43	80	0.18861108
43	81	0.18648713
43	82	0.28939449
43	83	0.24677376
43	84	0.20527998
43	85	0.16206586
43	86	0.08363036
43	87	0.07698138
43	88	0.24072146
43	89	0.26669766
43	90	0.1667595
43	91	0.16225494
43	92	0.26675945
43	93	0.18262751
43	94	0.19509301
43	95	0.2377703
43	96	0.25852977
43	97	0.20228036
44	45	0.35176331
44	46	0.23095736
44	47	0.7038667
44	48	0.21580539
44	49	0.22599335
44	50	0.22482947
44	51	0.26488851
44	52	0.2121381
44	53	0.25486735
44	54	0.2806892
44	55	0.25927612
44	56	0.24373492
44	57	0.23187264
44	58	0.26879237
44	59	0.20050981
44	60	0.20416062
44	61	0.19624309
44	62	0.24065764
44	63	0.265454
44	64	0.21010458
44	65	0.23802783
44	66	0.23245749
44	67	0.27215659
44	68	0.2839216
44	69	0.24008799
44	70	0.23700229
44	71	0.36838429
44	72	0.23435357
44	73	0.2337506
44	74	0.27081082
44	75	0.23680274
44	76	0.20842923
44	77	0.5150833
44	78	0.20789337
44	79	0.2400083
44	80	0.19790385
44	81	0.19779068
44	82	0.2109334
44	83	0.23789807
44	84	0.23131872
44	85	0.28632218
44	86	0.24592918
44	87	0.26378018
44	88	0.26039497
44	89	0.34421733
44	90	0.32367759
44	91	0.32046874
44	92	0.35991928
44	93	0.26949525
44	94	0.29750581
44	95	0.29787489
44	96	0.24734839
44	97	0.26470505
45	46	0.4412069
45	47	0.35055723
45	48	0.79882005
45	49	0.52503912
45	50	0.29408722
45	51	0.25270025
45	52	0.13513055
45	53	0.21699986
45	54	0.19552024
45	55	0.26981032
45	56	0.14769297
45	57	0.28377468
45	58	0.51216386
45	59	0.18443109
45	60	0.49308729
45	61	0.27855258
45	62	0.24907602
45	63	0.56967902
45	64	0.20365604
45	65	0.2795206
45	66	0.21538536
45	67	0.42719646
45	68	0.47927749
45	69	0.29443699
45	70	0.24087757
45	71	0.1988208
45	72	0.15826164
45	73	0.4196786
45	74	0.33826159
45	75	0.45885984
45	76	0.47809558
45	77	0.27956052
45	78	0.52167759
45	79	0.1449553
45	80	0.35295085
45	81	0.18530968
45	82	0.29717881
45	83	0.3052725
45	84	0.21013876
45	85	0.3321185
45	86	0.18278915
45	87	0.32297067
45	88	0.29558006
45	89	0.25069584
45	90	0.20770231
45	91	0.16256173
45	92	0.2635874
45	93	0.1811119
45	94	0.22498955
45	95	0.27243787
45	96	0.18181489
45	97	0.16748093
46	47	0.26457757
46	48	0.15610116
46	49	0.41621206
46	50	0.24758615
46	51	0.20895601
46	52	0.27727211
46	53	0.32407567
46	54	0.31229918
46	55	0.23636057
46	56	0.36069488
46	57	0.32691737
46	58	0.19375133
46	59	0.12803351
46	60	0.19616057
46	61	0.39079012
46	62	0.29850419
46	63	0.38026931
46	64	0.28814391
46	65	0.29339437
46	66	0.19570879
46	67	0.20878211
46	68	0.24906211
46	69	0.23366874
46	70	0.13177191
46	71	0.21741387
46	72	0.29926873
46	73	0.39055504
46	74	0.32180511
46	75	0.45791917
46	76	0.3728841
46	77	0.28113674
46	78	0.56949407
46	79	0.18488511
46	80	0.36978866
46	81	0.25161251
46	82	0.11346907
46	83	0.17129848
46	84	0.23811484
46	85	0.28542052
46	86	0.19785448
46	87	0.14261838
46	88	0.22808693
46	89	0.1788591
46	90	0.23121547
46	91	0.0642863
46	92	0.20151159
46	93	0.23721233
46	94	0.27167362
46	95	0.195749
46	96	0.25298622
46	97	0.27102602
47	48	0.17670759
47	49	0.28866245
47	50	0.21226466
47	51	0.32304716
47	52	0.21379601
47	53	0.23683115
47	54	0.35476058
47	55	0.30179114
47	56	0.22535452
47	57	0.20837724
47	58	0.25025917
47	59	0.249718
47	60	0.22380641
47	61	0.24725186
47	62	0.21581806
47	63	0.26793859
47	64	0.20912131
47	65	0.20546816
47	66	0.20738422
47	67	0.29009506
47	68	0.24168124
47	69	0.22219963
47	70	0.30399849
47	71	0.24821805
47	72	0.24407068
47	73	0.20770994
47	74	0.23800428
47	75	0.2454785
47	76	0.22407488
47	77	0.52888643
47	78	0.2323322
47	79	0.2497888
47	80	0.2119403
47	81	0.18493658
47	82	0.22453906
47	83	0.22646974
47	84	0.24926533
47	85	0.28659109
47	86	0.22452209
47	87	0.25582484
47	88	0.26561993
47	89	0.33216869
47	90	0.31916507
47	91	0.28987233
47	92	0.32618766
47	93	0.259884
47	94	0.28413129
47	95	0.29112448
47	96	0.2728121
47	97	0.2652771
48	49	0.44303082
48	50	0.41116194
48	51	0.22304045
48	52	0.43571421
48	53	0.10028692
48	54	0.30799982
48	55	0.19681863
48	56	0.42329935
48	57	0.21438091
48	58	0.19775809
48	59	0.26008655
48	60	0.39593014
48	61	0.31155158
48	62	0.4607883
48	63	0.42053636
48	64	0.42821024
48	65	0.26191901
48	66	0.13984846
48	67	0.27442255
48	68	0.82801156
48	69	0.20135023
48	70	0.21629885
48	71	0.42134357
48	72	0.2508113
48	73	0.93335069
48	74	0.24316877
48	75	0.76888122
48	76	0.43471306
48	77	0.20895769
48	78	0.21989862
48	79	0.33487499
48	80	0.25773493
48	81	0.05167407
48	82	0.21486524
48	83	0.10765536
48	84	0.30287153
48	85	0.23823421
48	86	0.17670141
48	87	0.16752533
48	88	0.23501298
48	89	0.1741997
48	90	0.24815516
48	91	0.21172056
48	92	0.20632874
48	93	0.20523896
48	94	0.23546126
48	95	0.30419646
48	96	0.185067
48	97	0.2415565
49	50	0.41079565
49	51	0.5490334
49	52	0.60047263
49	53	0.1960251
49	54	0.5162247
49	55	0.11375481
49	56	0.14079097
49	57	0.33420098
49	58	0.29714779
49	59	0.21526016
49	60	0.20603925
49	61	0.23789086
49	62	0.34738768
49	63	0.24810795
49	64	0.17091268
49	65	0.15202166
49	66	0.18598333
49	67	0.15669284
49	68	0.16275363
49	69	0.27762161
49	70	0.06549349
49	71	0.0499317
49	72	0.24122903
49	73	0.28569418
49	74	0.68447277
49	75	0.28614563
49	76	1.75106779
49	77	0.19841872
49	78	0.32528541
49	79	0.42696105
49	80	0.23844334
49	81	0.30676194
49	82	0.30961795
49	83	0.2692348
49	84	0.37075914
49	85	0.2575349
49	86	0.29930076
49	87	0.64525695
49	88	0.3228975
49	89	0.270015
49	90	0.30746125
49	91	0.2224102
49	92	0.22118285
49	93	0.19430665
49	94	0.23030633
49	95	0.20232926
49	96	0.1844317
49	97	0.19062687
50	51	0.41106392
50	52	0.75851431
50	53	0.38284883
50	54	0.23160072
50	55	0.32955121
50	56	0.39417376
50	57	0.25518476
50	58	0.25088759
50	59	0.289115
50	60	0.1285621
50	61	0.17133366
50	62	0.2500432
50	63	0.22455401
50	64	0.1370483
50	65	0.25357349
50	66	0.26935581
50	67	0.25898855
50	68	0.20693137
50	69	0.27512693
50	70	0.23515895
50	71	0.54530564
50	72	0.48462621
50	73	1.39513787
50	74	0.26991094
50	75	0.34566618
50	76	0.24875512
50	77	0.24118381
50	78	0.19572445
50	79	0.15580949
50	80	0.19727385
50	81	0.20669801
50	82	0.14550544
50	83	0.06244049
50	84	0.28327156
50	85	0.25445524
50	86	0.23023165
50	87	0.08693684
50	88	0.83880364
50	89	0.33358501
50	90	0.26238457
50	91	0.3998242
50	92	0.24441035
50	93	0.26226749
50	94	0.22629512
50	95	0.2162289
50	96	0.26188109
50	97	0.20970432
51	52	0.51069539
51	53	0.34429888
51	54	0.5792059
51	55	0.36234755
51	56	0.94725765
51	57	0.32901417
51	58	0.56880734
51	59	0.12546594
51	60	0.27951935
51	61	0.08117662
51	62	0.35598901
51	63	0.23130585
51	64	0.23518268
51	65	0.16408244
51	66	0.12747703
51	67	0.09795125
51	68	0.27437348
51	69	0.33535565
51	70	0.2497057
51	71	0.08355946
51	72	0.17916499
51	73	0.2516697
51	74	1.24888121
51	75	0.26235901
51	76	0.32531138
51	77	0.23981529
51	78	0.19331279
51	79	0.39439247
51	80	0.17235598
51	81	0.30049185
51	82	0.1204376
51	83	0.16474784
51	84	0.31176651
51	85	0.59154758
51	86	0.13042565
51	87	0.29047714
51	88	0.21574341
51	89	0.30554535
51	90	0.30981094
51	91	0.33872357
51	92	0.23695361
51	93	0.28827222
51	94	0.23655624
51	95	0.22614758
51	96	0.24365688
51	97	0.1950563
52	53	0.79070258
52	54	0.62848281
52	55	0.51496152
52	56	0.42676059
52	57	0.33340077
52	58	0.27757933
52	59	0.29580175
52	60	0.17194137
52	61	0.22671206
52	62	0.34556373
52	63	0.27191824
52	64	0.16694251
52	65	0.19139168
52	66	0.21661839
52	67	0.20927302
52	68	0.28202961
52	69	0.16619629
52	70	0.2450979
52	71	0.29027748
52	72	0.26355177
52	73	0.13720882
52	74	0.07899424
52	75	0.19782393
52	76	0.17350851
52	77	0.23009749
52	78	0.20551109
52	79	0.17758489
52	80	0.19106207
52	81	0.13454637
52	82	0.35364599
52	83	0.23338815
52	84	0.34034863
52	85	0.28312135
52	86	0.62728429
52	87	0.1806652
52	88	0.64473643
52	89	0.35155668
52	90	0.21745709
52	91	0.32414676
52	92	0.25218599
52	93	0.21237449
52	94	0.25912382
52	95	0.25580174
52	96	0.22599614
52	97	0.25193261
53	54	0.80989229
53	55	0.51241762
53	56	0.36686363
53	57	0.28761483
53	58	0.29021062
53	59	0.31416544
53	60	0.23531753
53	61	0.44035355
53	62	0.21964509
53	63	0.10385847
53	64	0.23111538
53	65	0.22431117
53	66	0.2053126
53	67	0.20597113
53	68	0.21214712
53	69	0.33529693
53	70	0.33119423
53	71	0.25271217
53	72	0.28750975
53	73	0.14368649
53	74	0.13575904
53	75	0.27562725
53	76	0.01579388
53	77	0.26456981
53	78	0.15034066
53	79	0.15792236
53	80	0.2445368
53	81	0.19570043
53	82	0.19227981
53	83	0.325222
53	84	0.48094963
53	85	0.22167953
53	86	1.24120053
53	87	0.12536639
53	88	0.27403548
53	89	0.23912304
53	90	0.21302969
53	91	0.23062831
53	92	0.25748455
53	93	0.27948045
53	94	0.35865038
53	95	0.26842949
53	96	0.31912826
53	97	0.2324791
54	55	0.51551299
54	56	0.59019953
54	57	0.35868209
54	58	0.34865465
54	59	0.29090163
54	60	0.22352604
54	61	0.20522791
54	62	0.18160466
54	63	0.25265797
54	64	0.24638163
54	65	0.214289
54	66	0.37533364
54	67	0.19324495
54	68	0.22895524
54	69	0.20405952
54	70	0.22314324
54	71	0.18082988
54	72	0.19744073
54	73	0.14788891
54	74	0.23328454
54	75	0.17311061
54	76	0.16980522
54	77	0.25460873
54	78	0.13646126
54	79	0.18322737
54	80	0.23637451
54	81	0.31379188
54	82	0.18350967
54	83	0.47601729
54	84	0.23842134
54	85	0.446481
54	86	0.29887093
54	87	0.28122671
54	88	0.28753271
54	89	0.22198044
54	90	0.22296958
54	91	0.2733982
54	92	0.28083499
54	93	0.28581208
54	94	0.2917372
54	95	0.22876252
54	96	0.22213922
54	97	0.25175371
55	56	0.8648109
55	57	0.44414845
55	58	0.29751758
55	59	0.24096898
55	60	0.33543488
55	61	0.24314447
55	62	0.13022996
55	63	0.10726847
55	64	0.32554795
55	65	0.22461673
55	66	0.22161346
55	67	0.22368536
55	68	0.27083484
55	69	0.32037515
55	70	0.36797078
55	71	0.29451756
55	72	0.37730844
55	73	0.28861145
55	74	0.2671757
55	75	0.28964429
55	76	0.07875115
55	77	0.26149738
55	78	0.06798076
55	79	0.17970371
55	80	0.35319971
55	81	0.28901319
55	82	1.31536722
55	83	0.92020911
55	84	0.22165629
55	85	0.15138288
55	86	0.28987071
55	87	0.13806194
55	88	0.17889474
55	89	0.18292812
55	90	0.20319424
55	91	0.13040999
55	92	0.23405603
55	93	0.2193299
55	94	0.29653841
55	95	0.16288447
55	96	0.26231647
55	97	0.26704961
56	57	0.66558615
56	58	0.72594774
56	59	0.52162375
56	60	0.30060635
56	61	0.25361744
56	62	0.30027973
56	63	0.15226887
56	64	0.13602579
56	65	0.24395417
56	66	0.20967611
56	67	0.25046301
56	68	0.26861893
56	69	0.20248479
56	70	0.1826044
56	71	0.23002417
56	72	0.43149823
56	73	0.22161979
56	74	0.51739551
56	75	0.20601885
56	76	0.17990331
56	77	0.22261536
56	78	0.29695841
56	79	0.88959344
56	80	0.2247668
56	81	0.49083898
56	82	0.16180976
56	83	0.40191485
56	84	0.25184736
56	85	0.59521627
56	86	0.26984083
56	87	0.10593227
56	88	0.18908953
56	89	0.21278234
56	90	0.14970935
56	91	0.14303319
56	92	0.26661991
56	93	0.31413349
56	94	0.1587821
56	95	0.15001944
56	96	0.26120463
56	97	0.18263064
57	58	0.64493249
57	59	0.98555882
57	60	0.43235313
57	61	0.33869113
57	62	0.36938656
57	63	0.49439085
57	64	0.19188584
57	65	0.30756931
57	66	0.35925811
57	67	0.27286976
57	68	0.3466878
57	69	0.31117221
57	70	0.31302252
57	71	0.20224588
57	72	0.18484234
57	73	0.2250818
57	74	0.17767
57	75	0.33897387
57	76	0.18467003
57	77	0.23552495
57	78	0.22910847
57	79	0.37162792
57	80	0.80656597
57	81	0.14375596
57	82	1.09970866
57	83	0.27761033
57	84	0.27117357
57	85	0.21482788
57	86	0.24561301
57	87	0.23995008
57	88	0.24606648
57	89	0.3075501
57	90	0.22188631
57	91	0.15098901
57	92	0.2680329
57	93	0.20832672
57	94	0.1840751
57	95	0.13262782
57	96	0.20217893
57	97	0.27255724
58	59	0.94389508
58	60	0.6809879
58	61	0.71189145
58	62	0.78858507
58	63	0.58296746
58	64	0.45663974
58	65	0.28033998
58	66	0.33626801
58	67	0.25813054
58	68	0.33068559
58	69	0.56570466
58	70	0.19566399
58	71	0.26015605
58	72	0.15842787
58	73	0.18866287
58	74	0.75593537
58	75	0.28814804
58	76	0.25184274
58	77	0.27995779
58	78	0.55105233
58	79	0.70004272
58	80	0.26900659
58	81	0.30790026
58	82	0.29758831
58	83	0.31287704
58	84	0.17914679
58	85	0.35193291
58	86	0.14953879
58	87	0.28690003
58	88	0.19538812
58	89	0.2758347
58	90	0.1258291
58	91	0.19399219
58	92	0.14911468
58	93	0.12023528
58	94	0.16887246
58	95	0.24801312
58	96	0.20266983
58	97	0.22144694
59	60	0.79122877
59	61	0.60775318
59	62	0.54058887
59	63	0.38343263
59	64	0.29851693
59	65	0.35591056
59	66	0.30751407
59	67	0.3179005
59	68	0.297521
59	69	0.29297392
59	70	0.38555506
59	71	0.30125189
59	72	0.25785507
59	73	0.34057186
59	74	0.27979204
59	75	0.22773765
59	76	0.20306136
59	77	0.23778574
59	78	0.31524951
59	79	0.27896041
59	80	0.8265071
59	81	0.2242905
59	82	0.23281502
59	83	0.22568439
59	84	0.19932251
59	85	0.19455717
59	86	0.25069742
59	87	0.13689334
59	88	0.23674028
59	89	0.17154686
59	90	0.1800689
59	91	0.18228977
59	92	0.16671274
59	93	0.20934545
59	94	0.18632569
59	95	0.17165923
59	96	0.21677784
59	97	0.20362645
60	61	0.95517414
60	62	0.90521612
60	63	0.74179383
60	64	0.56827058
60	65	0.28361904
60	66	0.4133553
60	67	0.4160151
60	68	0.19964126
60	69	0.40368758
60	70	0.25711473
60	71	0.21151912
60	72	0.29428593
60	73	0.16465394
60	74	0.29514875
60	75	0.33890611
60	76	0.22292515
60	77	0.20115557
60	78	0.38524717
60	79	0.23449006
60	80	0.32281778
60	81	0.24493654
60	82	0.27036411
60	83	0.28727923
60	84	0.1926677
60	85	0.25472495
60	86	0.2555283
60	87	0.2968343
60	88	0.26119209
60	89	0.1965852
60	90	0.22126957
60	91	0.24556129
60	92	0.18159322
60	93	0.13813912
60	94	0.1633331
60	95	0.24502471
60	96	0.2271323
60	97	0.25689763
61	62	0.86622333
61	63	0.75804962
61	64	0.48000836
61	65	0.51157304
61	66	0.38388156
61	67	0.35517848
61	68	0.44606995
61	69	0.76805588
61	70	0.18494723
61	71	0.34210426
61	72	0.27155901
61	73	0.38425552
61	74	0.30445906
61	75	0.28791233
61	76	0.27258477
61	77	0.20502998
61	78	0.35644906
61	79	0.36782878
61	80	0.28421417
61	81	0.10898916
61	82	0.17319267
61	83	0.27618301
61	84	0.22851836
61	85	0.30613796
61	86	0.31607775
61	87	0.11515513
61	88	0.13566943
61	89	0.2679138
61	90	0.2289794
61	91	0.18489881
61	92	0.14998835
61	93	0.20205685
61	94	0.20256567
61	95	0.18710125
61	96	0.218043
61	97	0.2555723
62	63	0.84221792
62	64	0.61414144
62	65	0.43882555
62	66	0.45676339
62	67	0.42757862
62	68	0.46189139
62	69	0.29799444
62	70	0.26427184
62	71	0.36173544
62	72	0.36493414
62	73	0.33225479
62	74	0.25841356
62	75	0.475018
62	76	0.30975015
62	77	0.23795313
62	78	0.35896116
62	79	0.31720334
62	80	0.15277278
62	81	0.27005839
62	82	0.22699958
62	83	0.13182295
62	84	0.30106871
62	85	0.19746694
62	86	0.26137392
62	87	0.20548529
62	88	0.19243834
62	89	0.2126407
62	90	0.12698516
62	91	0.21626225
62	92	0.19712607
62	93	0.12204765
62	94	0.14550767
62	95	0.16095128
62	96	0.19193048
62	97	0.23353589
63	64	0.93796888
63	65	0.51390536
63	66	0.45028043
63	67	0.56050898
63	68	0.70170089
63	69	0.63097584
63	70	0.29783347
63	71	0.44240317
63	72	0.20552072
63	73	0.42729527
63	74	0.2432352
63	75	0.38752315
63	76	0.16241706
63	77	0.18018523
63	78	0.37615291
63	79	0.31492007
63	80	0.308563
63	81	0.18565436
63	82	0.20447292
63	83	0.19175984
63	84	0.2338832
63	85	0.14994429
63	86	0.14394914
63	87	0.32873477
63	88	0.17655108
63	89	0.21325483
63	90	0.23513645
63	91	0.18316665
63	92	0.17146804
63	93	0.17010574
63	94	0.14886427
63	95	0.28294299
63	96	0.24643611
63	97	0.18077854
64	65	0.85224954
64	66	0.50927173
64	67	0.38474043
64	68	1.11516561
64	69	0.88735158
64	70	0.34303734
64	71	0.50991739
64	72	0.67775836
64	73	0.48717278
64	74	0.26671614
64	75	0.33456421
64	76	0.33499137
64	77	0.27182059
64	78	0.22824512
64	79	0.3908168
64	80	0.12832812
64	81	0.22151634
64	82	0.21747643
64	83	0.27690654
64	84	0.28437023
64	85	0.25220287
64	86	0.19812204
64	87	0.20946339
64	88	0.17213001
64	89	0.22283859
64	90	0.18137733
64	91	0.14356852
64	92	0.21251155
64	93	0.1753363
64	94	0.2040378
64	95	0.21260927
64	96	0.20417415
64	97	0.19786522
65	66	0.69330164
65	67	0.76635246
65	68	1.02176929
65	69	0.53548541
65	70	0.32035519
65	71	0.40202667
65	72	0.35011673
65	73	0.44985625
65	74	0.17351211
65	75	0.32083875
65	76	0.23299618
65	77	0.31544382
65	78	0.39275803
65	79	0.35773265
65	80	0.10184015
65	81	0.17019922
65	82	0.22273443
65	83	0.18668403
65	84	0.35292746
65	85	0.15188277
65	86	0.19559249
65	87	0.21351644
65	88	0.25291854
65	89	0.3232511
65	90	0.23050723
65	91	0.25465724
65	92	0.31518505
65	93	0.23994998
65	94	0.25127542
65	95	0.28915185
65	96	0.25056072
65	97	0.25284157
66	67	0.66565374
66	68	0.42335245
66	69	0.55944543
66	70	1.07789062
66	71	0.44004245
66	72	0.37838576
66	73	0.24971982
66	74	0.26548251
66	75	0.27087792
66	76	0.16613078
66	77	0.26959962
66	78	0.24758435
66	79	0.13115608
66	80	0.22440513
66	81	0.22666182
66	82	0.22456064
66	83	0.26121171
66	84	0.37449427
66	85	0.33467957
66	86	0.28289373
66	87	0.2655531
66	88	0.18040697
66	89	0.24996943
66	90	0.20399195
66	91	0.23819904
66	92	0.27077721
66	93	0.22518311
66	94	0.22452962
66	95	0.29598477
66	96	0.27417245
66	97	0.26322196
67	68	0.54368757
67	69	0.49623979
67	70	0.58502189
67	71	0.61201807
67	72	0.28274529
67	73	0.51802719
67	74	0.22956719
67	75	0.31273238
67	76	0.18010119
67	77	0.2154338
67	78	0.24784555
67	79	0.25340343
67	80	0.36049702
67	81	0.19458041
67	82	0.33648169
67	83	0.21968155
67	84	0.2837058
67	85	0.20617354
67	86	0.25642994
67	87	0.13255515
67	88	0.24869379
67	89	0.19338259
67	90	0.10240138
67	91	0.22094322
67	92	0.18300437
67	93	0.222321
67	94	0.22919696
67	95	0.23026197
67	96	0.23712243
67	97	0.27656154
68	69	0.51282708
68	70	0.38890265
68	71	0.5031828
68	72	0.57312561
68	73	0.37760591
68	74	0.25912192
68	75	0.26409934
68	76	0.27099972
68	77	0.22952707
68	78	0.22484598
68	79	0.24561799
68	80	0.13448461
68	81	0.28906643
68	82	0.16187174
68	83	0.22697097
68	84	0.23474708
68	85	0.12479255
68	86	0.38107503
68	87	0.18482876
68	88	0.26481849
68	89	0.15642501
68	90	0.25783758
68	91	0.17026681
68	92	0.32025254
68	93	0.20020478
68	94	0.29994478
68	95	0.34688635
68	96	0.23520557
68	97	0.22147845
69	70	0.54279726
69	71	0.334125
69	72	0.45304538
69	73	0.29165418
69	74	0.46019088
69	75	0.29221362
69	76	0.29342055
69	77	0.29324742
69	78	0.36138215
69	79	0.24364999
69	80	0.17453301
69	81	0.17238015
69	82	0.16845943
69	83	0.19665705
69	84	0.13415131
69	85	0.19834095
69	86	0.27267864
69	87	0.13946052
69	88	0.18796163
69	89	0.14644258
69	90	0.31027142
69	91	0.27460276
69	92	0.22387344
69	93	0.25031825
69	94	0.2340441
69	95	0.23714388
69	96	0.22023778
69	97	0.26550144
70	71	0.5833119
70	72	0.67914202
70	73	0.56627524
70	74	0.20433637
70	75	0.23917415
70	76	0.18400129
70	77	0.24792525
70	78	0.17544248
70	79	0.1220198
70	80	0.28713308
70	81	0.13016157
70	82	0.31228122
70	83	0.33984161
70	84	0.27668209
70	85	0.21478499
70	86	0.2546195
70	87	0.26632051
70	88	0.20601614
70	89	0.22051247
70	90	0.26672659
70	91	0.31883661
70	92	0.27268896
70	93	0.38985487
70	94	0.26727828
70	95	0.20495031
70	96	0.29204288
70	97	0.26812757
71	72	0.89184077
71	73	0.5887116
71	74	0.27884024
71	75	0.42308623
71	76	0.27197629
71	77	0.33158185
71	78	0.19985841
71	79	0.19742251
71	80	0.20945568
71	81	0.24068748
71	82	0.12985689
71	83	0.29959303
71	84	0.19583635
71	85	0.27150987
71	86	0.1392194
71	87	0.14234175
71	88	0.25325014
71	89	0.29244249
71	90	0.22537482
71	91	0.27125817
71	92	0.2542873
71	93	0.21555249
71	94	0.23105912
71	95	0.26195034
71	96	0.28893883
71	97	0.2451559
72	73	0.81210095
72	74	0.43680945
72	75	0.52115045
72	76	0.15286413
72	77	0.29497561
72	78	0.17744434
72	79	0.16165601
72	80	0.20716587
72	81	0.3076827
72	82	0.23820611
72	83	0.17112913
72	84	0.31837935
72	85	0.19737719
72	86	0.20097143
72	87	0.31874673
72	88	0.22906783
72	89	0.19111304
72	90	0.24711095
72	91	0.18855048
72	92	0.2597283
72	93	0.2640355
72	94	0.1400366
72	95	0.20231501
72	96	0.22308984
72	97	0.20872806
73	74	0.39186761
73	75	0.40352141
73	76	0.52930432
73	77	0.27281925
73	78	0.49164303
73	79	0.37620154
73	80	0.22813499
73	81	0.21800972
73	82	0.35645595
73	83	0.22635769
73	84	0.18669512
73	85	0.13019931
73	86	0.16800195
73	87	0.25235708
73	88	0.16756357
73	89	0.20133546
73	90	0.19062345
73	91	0.22047031
73	92	0.16940687
73	93	0.15664523
73	94	0.18846296
73	95	0.30002881
73	96	0.22522429
73	97	0.237211
74	75	0.39304811
74	76	1.38719447
74	77	0.36663355
74	78	0.48834313
74	79	0.60465056
74	80	0.19760832
74	81	0.48865765
74	82	0.1552941
74	83	0.2081253
74	84	0.1939612
74	85	0.33183804
74	86	0.21199356
74	87	0.44444743
74	88	0.11296438
74	89	0.22347587
74	90	0.23636626
74	91	0.2413391
74	92	0.21639712
74	93	0.18788709
74	94	0.1889822
74	95	0.29188512
74	96	0.21654978
74	97	0.20774005
75	76	0.22667725
75	77	0.51698072
75	78	0.41796679
75	79	0.30847508
75	80	0.42429566
75	81	0.37697437
75	82	0.34758986
75	83	0.29344866
75	84	0.27620866
75	85	0.18068066
75	86	0.18356345
75	87	0.36275331
75	88	0.17162167
75	89	0.13536384
75	90	0.13097182
75	91	0.01142598
75	92	0.09507228
75	93	0.20162333
75	94	0.1986204
75	95	0.16323697
75	96	0.15398805
75	97	0.21352761
76	77	0.36804906
76	78	0.80138279
76	79	0.46898717
76	80	0.36945426
76	81	0.48541425
76	82	0.26819482
76	83	0.18538394
76	84	0.2251031
76	85	0.32611798
76	86	0.15019364
76	87	0.47612905
76	88	0.07473763
76	89	0.19061277
76	90	0.24570481
76	91	0.16254953
76	92	0.23085401
76	93	0.1738068
76	94	0.27450882
76	95	0.21456707
76	96	0.21339732
76	97	0.22253236
77	78	0.31105167
77	79	0.30661309
77	80	0.19566389
77	81	0.22578892
77	82	0.20366446
77	83	0.22379302
77	84	0.37491772
77	85	0.25035581
77	86	0.25947288
77	87	0.33992164
77	88	0.25680216
77	89	0.32173577
77	90	0.29355531
77	91	0.25382884
77	92	0.30986328
77	93	0.23197857
77	94	0.26048836
77	95	0.27432863
77	96	0.25979582
77	97	0.27396547
78	79	0.74493703
78	80	0.491798
78	81	0.28543408
78	82	0.31853005
78	83	0.25908152
78	84	0.17969507
78	85	0.29269345
78	86	0.215102
78	87	0.18713474
78	88	0.35839983
78	89	0.33466107
78	90	0.283616
78	91	0.3280687
78	92	0.23799213
78	93	0.25697268
78	94	0.22101955
78	95	0.23129083
78	96	0.28089442
78	97	0.23104677
79	80	0.5300709
79	81	0.31017505
79	82	0.24592092
79	83	0.29251849
79	84	0.282067
79	85	0.45059625
79	86	0.2571379
79	87	0.24971267
79	88	0.37796588
79	89	0.13647212
79	90	0.24963338
79	91	0.29269894
79	92	0.26289082
79	93	0.24102278
79	94	0.24853922
79	95	0.19490495
79	96	0.21162071
79	97	0.23249912
80	81	0.62475459
80	82	0.46111384
80	83	0.40719838
80	84	0.40874879
80	85	0.24520203
80	86	0.23908207
80	87	0.22966314
80	88	0.21497348
80	89	0.21913774
80	90	0.24314753
80	91	0.20565948
80	92	0.38381612
80	93	0.28137794
80	94	0.21733994
80	95	0.3099805
80	96	0.24223592
80	97	0.29219039
81	82	0.53891305
81	83	0.708419
81	84	0.43390654
81	85	0.41436161
81	86	0.37479151
81	87	0.35574546
81	88	0.27686832
81	89	0.25446329
81	90	0.23525504
81	91	0.34673561
81	92	0.329064
81	93	0.2286101
81	94	0.21583265
81	95	0.29922936
81	96	0.33111144
81	97	0.23905496
82	83	0.69599545
82	84	0.49392716
82	85	0.45066576
82	86	0.42139538
82	87	0.2902926
82	88	0.3603329
82	89	0.29094103
82	90	0.30744655
82	91	0.31320827
82	92	0.29559844
82	93	0.25687134
82	94	0.31833109
82	95	0.32089333
82	96	0.21574993
82	97	0.27497175
83	84	0.58874587
83	85	0.72533715
83	86	0.57568512
83	87	0.2393445
83	88	0.27214483
83	89	0.28148501
83	90	0.32046062
83	91	0.24069009
83	92	0.3698298
83	93	0.26661185
83	94	0.20434772
83	95	0.24144219
83	96	0.27963506
83	97	0.23486134
84	85	0.41822452
84	86	0.42005511
84	87	0.44884586
84	88	0.2506
84	89	0.2470112
84	90	0.30974929
84	91	0.24265762
84	92	0.27224772
84	93	0.20660652
84	94	0.18523915
84	95	0.26510607
84	96	0.23919836
84	97	0.27169817
85	86	0.65109178
85	87	0.60178542
85	88	0.56760531
85	89	0.28267179
85	90	0.30543193
85	91	0.27350959
85	92	0.3349053
85	93	0.2829531
85	94	0.25910109
85	95	0.216382
85	96	0.27878686
85	97	0.29657956
86	87	0.48127523
86	88	0.51230554
86	89	0.45771203
86	90	0.32944018
86	91	0.28561563
86	92	0.24056167
86	93	0.36171697
86	94	0.28200314
86	95	0.29119779
86	96	0.27955059
86	97	0.23958459
87	88	0.41017504
87	89	0.3546179
87	90	0.3666331
87	91	0.32834035
87	92	0.3486638
87	93	0.29118223
87	94	0.27958573
87	95	0.28527428
87	96	0.30341689
87	97	0.30946012
88	89	0.48776275
88	90	0.5102961
88	91	0.85655614
88	92	0.46697664
88	93	0.41320214
88	94	0.41327672
88	95	0.41000002
88	96	0.283547
88	97	0.28136013
89	90	0.84762102
89	91	0.63056571
89	92	0.54593677
89	93	0.5285332
89	94	0.39106753
89	95	0.4467955
89	96	0.35015464
89	97	0.30024697
90	91	0.74923942
90	92	0.58989418
90	93	0.57486288
90	94	0.49140161
90	95	0.50957566
90	96	0.37180432
90	97	0.30760722
91	92	0.61647973
91	93	0.56202728
91	94	0.73942962
91	95	0.52789832
91	96	0.42172949
91	97	0.36007263
92	93	0.69967308
92	94	0.52269546
92	95	0.49997674
92	96	0.40567925
92	97	0.30912213
93	94	0.62048352
93	95	0.4705863
93	96	0.51299436
93	97	0.41564645
94	95	0.70397359
94	96	0.42653749
94	97	0.42800642
95	96	0.51490783
95	97	0.4977041
96	97	0.61928233
