1	2	0.21951	0.093446	0.4279689131444109	0.95947035
1	3	0.1187	0.029681	3.5209687905668243	0.6148879
1	4	0.077457	0.031509	7.151349676700135	0.4292509
1	5	0.062958	0.050368	9.593499682533572	0.3573309
1	6	0.053007	0.032795	13.279555809433297	0.31030232
1	7	0.059692	0.042507	15.806699326016432	0.34372937
1	14	0.024611	0.012693	16.82321678170909	0.26382269
1	15	0.018355	0.015538	13.216575970999564	0.3653921
1	16	0.0078877	-0.0031993	10.310037381422415	0.25671794
1	17	0.0052573	0.0075938	6.521653088069548	0.34988946
1	18	0.0070552	-0.016792	5.010122293997869	0.32011006
1	19	0.0034075	0.02602	2.330304529429479	0.32848849
1	20	0.001205	0.017492	2.3511457988821673	0.29659594
1	21	0.001146	0.0088364	4.789592541756884	0.2828266
1	22	0.003156	-0.0018971	7.148863540685322	0.25398961
1	23	0.0026485	-0.0026803	9.902093256326241	0.24152469
1	24	-1.9095E-4	-0.013455	10.65368691838551	0.26197543
1	25	-3.1785E-4	0.022648	13.927786009759007	0.25580743
1	26	-9.4131E-5	0.0019863	12.896732586626072	0.29012521
1	27	-0.0010025	-0.020687	10.363174088850291	0.1998067
1	28	5.8079E-5	-0.021579	13.259356350111492	0.17810906
1	29	9.6809E-5	0.012433	15.709305220232366	0.26360223
1	30	-1.357E-4	-0.0094856	13.93137389245296	0.20731439
1	31	4.1643E-4	-0.019247	14.293285675645436	0.31679911
1	76	4.3303E-4	-0.0078738	15.539600154174323	0.25602968
1	77	-4.607E-4	0.019238	15.890656235597586	0.25927023
1	79	8.8893E-4	-0.027119	11.935898376032624	0.18626057
1	80	1.1285E-4	-0.0084451	8.161436761925398	0.28761782
1	81	0.0011376	0.010833	6.7593138055677775	0.24325085
1	82	6.4712E-4	-0.025596	5.835335510960064	0.18697322
1	83	0.0021035	-0.0082289	6.170847245672663	0.21777352
1	84	0.0021776	0.0023046	7.706419810181859	0.18921529
1	85	0.0059481	-0.017684	10.696327358571098	0.13939957
1	86	0.005895	-0.0070001	14.114412379523326	0.15546943
2	3	0.17346	0.094373	0.3362691284220951	0.82638928
2	4	0.10845	0.040972	3.681956085715302	0.49387139
2	5	0.083479	0.062013	6.048124364126458	0.39085696
2	6	0.068202	0.0417	9.716474145135196	0.52988037
2	7	0.05011	0.036722	12.249432226122456	0.28623121
2	14	0.018679	0.033926	13.006322836028797	0.37905813
2	15	0.012014	0.0083288	9.412607580036159	0.36352887
2	16	0.0089228	0.019485	6.50442996845351	0.31528423
2	17	0.0061579	0.029767	2.756153506857995	0.40402529
2	18	0.0062938	0.0053922	1.5780053234202145	0.29246562
2	19	0.003288	0.022495	0.40313370787828107	0.27397786
2	20	0.0017321	-0.0035715	1.995946441542949	0.25877181
2	21	0.0011987	0.0049	4.870427679388774	0.30321141
2	22	0.0035839	0.0084699	5.835673662489381	0.24107877
2	23	0.0010725	0.0047486	8.096162272689092	0.34073186
2	24	-3.5492E-4	-0.019036	7.979967750393672	0.19431295
2	25	-2.4471E-4	0.0064409	11.2123566203402	0.2751357
2	26	-1.5892E-4	-0.010964	10.464548928832846	0.19273088
2	27	-6.8318E-4	-0.02112	7.458344487075366	0.15449518
2	28	-6.9676E-4	-0.01724	9.93412096840283	0.17562541
2	29	4.0059E-5	-0.019101	12.681744308376501	0.18971307
2	30	-2.2025E-4	0.0072164	11.07231380947774	0.24350196
2	31	1.9953E-4	-0.016863	10.961450762370772	0.22738394
2	76	3.414E-4	-0.03418	13.174832668838622	0.11115628
2	77	-3.2168E-4	0.012832	13.879104664304805	0.27848447
2	79	6.9235E-4	-0.011014	10.437429999822946	0.23318127
2	80	7.2824E-5	-0.028063	6.9582177038330295	0.18930527
2	81	0.002512	-0.01225	5.081194786113569	0.14035338
2	82	7.7764E-4	-0.013012	5.372205309954845	0.33204061
2	83	0.0018977	0.0091143	4.957300820240945	0.32285577
2	84	0.0017895	0.0020908	5.324133137452682	0.26766767
2	85	0.0061485	-0.011228	8.0337383650318	0.22682737
2	86	0.0066482	-0.0025419	11.11320450486384	0.19614575
3	4	0.14045	0.068108	0.32224354388586485	0.55977222
3	5	0.10485	0.11845	2.989944678946758	0.74253297
3	6	0.085728	0.034592	6.482202436704077	0.51906843
3	7	0.060666	0.088581	9.374274225958986	0.56098821
3	14	0.020907	0.01118	10.523214786822765	0.38272642
3	15	0.013795	-0.0011263	6.899434256307482	0.32212977
3	16	0.0090045	0.030592	4.8682751526542685	0.36070663
3	17	0.0067189	0.028285	1.857010652452589	0.34452573
3	18	0.0072808	0.022379	1.7067878358122537	0.3481955
3	19	0.0040802	-0.0077341	2.849180826316357	0.27902322
3	20	0.0025426	0.027379	3.685054763373393	0.45723326
3	21	0.0019428	0.0092156	7.048251959059946	0.32445083
3	22	0.0039593	0.0064875	7.277792421657204	0.20846055
3	23	0.0032507	-0.012659	8.411561454778111	0.19507568
3	24	1.7102E-4	-0.010044	7.195954558226457	0.20499273
3	25	-1.4494E-4	0.0034831	10.627769779975718	0.24258109
3	26	1.8254E-4	0.0012655	10.816011888008536	0.28736842
3	27	-7.3522E-5	-0.0083791	7.665379071681186	0.22253863
3	28	-1.2823E-4	0.013064	9.206701273529093	0.25046742
3	29	-1.5251E-5	-0.033661	12.54350234421534	0.12467728
3	30	1.6496E-4	-0.023342	11.590047898522542	0.24322806
3	31	4.9142E-5	-0.025549	10.78202281058665	0.24766872
3	76	-1.4366E-4	-0.034644	11.93080836094431	0.1560795
3	77	-1.9549E-4	0.013613	13.43733604226037	0.2340671
3	79	-2.5853E-4	-0.037912	9.77123206082104	0.15227514
3	80	0.0038506	-0.010921	6.721161445209735	0.15805524
3	81	-3.247E-5	-0.0011456	3.773110761726742	0.18710512
3	82	4.6217E-4	-0.0077002	4.334987330306366	0.25306905
3	83	3.2762E-4	0.048289	2.60920310856606	0.43903842
3	84	0.0019467	0.021609	1.8139152275425412	0.30185768
3	85	0.0074532	0.0035817	4.616792001792238	0.22058429
3	86	0.0073567	0.0019061	7.651839032486856	0.30591344
4	5	0.12964	0.0806	0.37147424755890346	0.49359709
4	6	0.10335	0.058789	3.182169095366664	0.64030735
4	7	0.079175	0.046462	6.497677050702353	0.57482379
4	14	0.026515	0.027082	7.212093337320401	0.42862438
4	15	0.017824	0.062615	3.558198689316079	0.66056631
4	16	0.010654	0.011359	2.5422548750453293	0.33581512
4	17	0.0080293	0.076963	1.2453835148456787	0.76857933
4	18	0.0072155	-4.6108E-4	2.8570479461164426	0.33746448
4	19	0.003533	-0.0023463	5.542494394742441	0.34000386
4	20	0.0023443	-0.0020567	6.805201712852129	0.37656843
4	21	0.0016993	-0.009625	9.86861778784814	0.309141
4	22	0.0019087	-0.0075533	9.183678873842897	0.17623268
4	23	0.003511	0.016534	9.533735307327115	0.30243982
4	24	1.083E-4	-0.027569	7.2503735145768475	0.2217486
4	25	1.1531E-4	0.0031894	10.271670709902283	0.21215119
4	26	-4.0263E-4	-0.020886	11.031138589868783	0.22146205
4	27	-5.6211E-5	-0.019528	7.690284622136621	0.1162837
4	28	4.0297E-5	-0.013471	8.081240089816083	0.09414617
4	29	-1.9824E-4	-0.011608	11.713508593308173	0.08120241
4	30	3.0561E-4	0.0081213	11.164524056762035	0.25592954
4	31	-2.981E-4	-0.022476	9.521395667651387	0.28722906
4	76	1.3863E-4	-0.024957	11.603488061114323	0.12282199
4	77	-4.9853E-5	0.010532	13.651109348074687	0.21998353
4	79	1.4831E-4	-0.030446	10.690127997999168	0.14550955
4	80	1.2591E-4	-0.010912	8.412521153420215	0.17096411
4	81	0.0012706	-0.010173	5.3095160026260935	0.20922912
4	82	9.0522E-4	0.012857	6.62906366516835	0.22412643
4	83	0.0020494	2.9774E-4	4.183853967475904	0.30334316
4	84	0.0029633	0.020256	1.3928756503794253	0.32215311
4	85	0.0046064	-0.014489	3.195817538410231	0.25090058
4	86	0.0064853	-0.0056483	5.259943013669316	0.29984046
5	6	0.12389	0.08041	0.4146037802109943	0.6125118
5	7	0.10164	0.12841	2.9923157775566755	0.5923969
5	14	0.02998	0.022135	4.951126091731583	0.36788755
5	15	0.015511	0.0076836	2.148548188490392	0.34861838
5	16	0.010262	0.037102	2.1905673236264667	0.33198314
5	17	0.0093459	0.01996	2.6925950136210437	0.2596491
5	18	0.011415	0.078412	3.263209061705928	0.60315503
5	19	0.0041464	0.033043	6.58551390765643	0.28811301
5	20	0.0030091	0.0028315	7.538769857712521	0.31716773
5	21	0.0024303	0.021432	10.08983202267545	0.24830883
5	22	0.0018189	-0.024509	8.55141255249772	0.20437814
5	23	0.0022808	-0.014901	7.836846577220853	0.24498631
5	24	0.001373	-0.018594	4.780451943505321	0.31527108
5	25	-8.0482E-4	0.0072542	7.476130837756597	0.21992023
5	26	1.6338E-4	0.0052573	9.016134140705795	0.18905783
5	27	-5.8305E-4	-0.0057439	6.146161689391185	0.26494641
5	28	-5.5485E-4	-0.010066	5.676577548834143	0.20188837
5	29	6.5607E-5	-0.044839	9.495768840980363	0.26241613
5	30	2.4221E-4	-0.030642	9.848992150348646	0.18619103
5	31	1.3414E-4	-0.027684	8.253406283143141	0.25869191
5	76	-1.4523E-4	-0.031476	8.449384540979333	0.18715494
5	77	-6.6713E-5	0.035824	10.866239238145422	0.26715922
5	79	4.303E-4	-0.0094331	8.565869170269247	0.22565846
5	80	7.4963E-4	-0.020654	7.223027911099547	0.19783466
5	81	0.0010077	0.013592	4.583312783550447	0.34733466
5	82	0.0013047	-0.029657	7.03648302830029	0.2316943
5	83	0.001403	0.010952	5.283339277029315	0.25531867
5	84	0.0017671	0.031887	2.4456624090003682	0.28136667
5	85	0.0065576	-0.016503	1.7691557337731656	0.32118236
5	86	0.0070436	-0.018113	2.721325755095868	0.14537355
6	7	0.13248	0.085311	0.4413347940527139	0.59595235
6	14	0.039055	0.05958	2.560094378447376	0.50132064
6	15	0.022707	0.11645	1.100226327641755	0.78813346
6	16	0.012681	0.04464	3.5616154016147723	0.30933497
6	17	0.0090706	-5.3486E-4	5.593958305440381	0.32879957
6	18	0.0074746	0.043617	6.84621164138239	0.33691944
6	19	0.0037187	0.0088282	10.330955465662251	0.32570191
6	20	0.0027231	-0.018028	11.298882270431315	0.26219505
6	21	0.0019865	-0.014162	13.741021264790497	0.33247736
6	22	0.0013602	-0.0036247	11.887914246227316	0.27079914
6	23	0.0019823	0.0022143	10.630180077247763	0.30342884
6	24	-2.3812E-4	-0.0050483	7.093130419469683	0.21666683
6	25	1.5829E-4	0.038059	8.96554915885259	0.26601266
6	26	-4.6554E-5	-0.019842	11.091786949855425	0.34245081
6	27	-2.6701E-4	-0.011805	8.530123427693447	0.16169309
6	28	-1.2011E-4	-0.047739	6.8601515583348	0.24253343
6	29	-1.4132E-4	0.0032639	10.549154598039268	0.30368592
6	30	-2.5647E-4	-4.6978E-4	11.472612043618971	0.20992962
6	31	-2.7723E-4	-0.0058051	9.232490094989192	0.2116261
6	76	0.0017821	-0.032872	9.48639468586928	0.17217909
6	77	3.4153E-5	0.012026	12.400174555997793	0.23307547
6	79	-5.5575E-4	0.012543	10.81968174749351	0.20401678
6	80	3.414E-4	-0.033207	10.248904205100132	0.14112719
6	81	-1.14E-5	-0.044185	7.717329220635684	0.14696116
6	82	0.0022603	-0.0066206	10.102492955006495	0.18665981
6	83	0.0017066	-0.034926	8.002066961739878	0.1731695
6	84	8.6291E-4	0.011386	4.682914635204309	0.19578369
6	85	0.0033637	-0.028248	2.8302835408992424	0.11128481
6	86	0.0051041	0.010523	1.3400408226090204	0.34754332
7	14	0.05388	0.023066	2.1451761018023587	0.47323843
7	15	0.039206	0.054695	2.9737723523828494	0.47444235
7	16	0.014525	0.030254	5.429753224184694	0.59708459
7	17	0.010163	0.0091036	7.975168877867266	0.38794207
7	18	0.0086433	0.014957	8.51923378409871	0.4043437
7	19	0.0043512	0.014745	12.028995074210117	0.24093177
7	20	0.003531	-0.0091596	12.86818788310487	0.28088643
7	21	0.0025852	0.0016049	14.705805174031894	0.26468489
7	22	0.0021715	0.0030168	12.25345038641641	0.30720387
7	23	0.0025456	-0.0077508	10.217377060212442	0.23026114
7	24	-7.2006E-4	-9.3892E-4	6.4222487751023705	0.37930104
7	25	0.0010434	-0.0034982	7.260485683119696	0.1387339
7	26	1.4324E-4	0.018556	10.013753911564056	0.24518501
7	27	-5.8182E-4	-0.022537	8.289584851482111	0.18113115
7	28	-0.0010332	-0.0060708	5.763486290708357	0.35471445
7	29	-4.0322E-4	-0.033736	9.053893728469022	0.14779913
7	30	1.3622E-4	-0.0078324	10.898035459460859	0.24501491
7	31	2.0096E-4	-0.042433	8.915063662036019	0.10455476
7	76	-3.1131E-4	-0.017094	7.445303730186629	0.08622242
7	77	-1.086E-4	0.027973	10.49937628097031	0.25697286
7	79	1.9884E-4	-0.037729	10.157053514683788	0.15369934
7	80	5.3189E-4	-0.036782	10.59896521175762	0.171845
7	81	4.3844E-4	-0.029311	8.92031842120974	0.20628806
7	82	0.001445	-0.02936	11.898283335067372	0.13034352
7	83	6.3673E-4	-0.012216	10.530292243883475	0.26724671
7	84	5.8981E-4	-0.0018773	7.683989624679374	0.16253248
7	85	0.0065814	0.027012	4.9466463924141415	0.26099353
7	86	0.0057822	-0.0056459	2.4388808859232602	0.24905383
14	15	0.066908	0.097253	0.481905717556778	0.90048313
14	16	0.040918	0.046204	3.635903922027363	0.55519305
14	17	0.030021	0.035935	7.3176509086646435	0.51329164
14	18	0.023942	0.020103	9.288073455020667	0.38176608
14	19	0.011287	0.0099934	13.03770674394698	0.40182158
14	20	0.0069543	0.029835	14.979673691336309	0.44072703
14	21	0.0046053	-8.2873E-4	16.709588633286362	0.38796527
14	22	0.0044992	-1.8243E-4	14.106135410192625	0.32042641
14	23	0.0045425	0.018362	12.914442619961005	0.33123337
14	24	-8.5592E-5	-0.0036915	9.32720633132032	0.30821574
14	25	4.3738E-5	-0.022741	9.627158592724664	0.28987015
14	26	-1.017E-5	-0.020233	11.257536082166062	0.19485697
14	27	-1.4378E-4	-0.0034623	8.835165711995897	0.2704904
14	28	-5.0523E-4	-0.031027	5.923996728871154	0.1125035
14	29	-4.1206E-4	-0.010606	8.664188700447289	0.1556939
14	30	-2.3912E-4	-0.0029029	9.658341931501106	0.2850574
14	31	-1.8095E-4	0.0011644	6.508450988928593	0.35680729
14	76	-2.0601E-5	-0.018938	11.693161795992252	0.10407561
14	77	-4.2339E-5	-0.012992	13.988251809770873	0.23197452
14	79	-2.791E-4	-0.028292	14.353294736470751	0.12311687
14	80	9.0634E-4	-0.029473	14.191536061413174	0.14059278
14	81	-5.7602E-5	-0.032747	12.447003628446613	0.2326599
14	82	0.0020167	0.0067624	15.309335664314759	0.36329372
14	83	-1.9442E-4	-0.019322	13.504757496042352	0.11334193
14	84	4.4287E-5	-0.0029421	10.23124550435506	0.21647072
14	85	0.0052817	-0.0048957	8.727172300252029	0.20547193
14	86	0.0066244	-0.0046378	6.825277600143676	0.23704502
15	16	0.058626	0.11156	0.42001151830724326	0.84161021
15	17	0.038823	0.060346	3.778972419504062	0.70518399
15	18	0.031253	0.045892	6.236352837043691	0.44796599
15	19	0.013107	0.025933	9.923696896882637	0.47523953
15	20	0.007749	0.0063777	11.98071744100385	0.4006308
15	21	0.0042925	0.0071199	14.071331345950718	0.44097038
15	22	0.0048068	-0.0033879	11.952345911944535	0.33963661
15	23	0.0044374	0.0069242	11.395137376854601	0.29785301
15	24	1.1194E-4	-0.02078	8.086428208977761	0.29813058
15	25	-1.0889E-4	0.015464	9.374049044840874	0.19357661
15	26	-9.0065E-4	-0.023198	10.531898506664483	0.1887794
15	27	-4.2149E-4	-0.02295	7.418674595346697	0.16711261
15	28	-1.0769E-4	-0.041379	5.582597118873805	0.24662549
15	29	6.265E-4	-0.0083336	8.88942036875621	0.24405397
15	30	4.0239E-4	-0.01148	9.035108765105356	0.21219044
15	31	2.436E-4	-0.0095949	6.064621545524153	0.28047505
15	76	9.0564E-4	-0.033275	11.60004043327884	0.10350028
15	77	1.5901E-4	-0.005694	13.778873682520633	0.20608361
15	79	3.3839E-4	0.0046182	13.088240840065385	0.12254088
15	80	5.3317E-4	-0.002614	12.14410476675965	0.18647199
15	81	4.0366E-4	-0.048997	9.976506120807484	0.19958807
15	82	0.0022271	-0.0012909	12.486361477695263	0.30430111
15	83	0.0011	-0.028164	10.457793547314814	0.19691982
15	84	0.001953	-0.0091217	7.19023521929518	0.24573142
15	85	0.0033998	-0.015297	6.585631477277741	0.19916767
15	86	0.0035358	0.012014	5.82580804049163	0.23419025
16	17	0.05784	0.078054	0.43618938531454643	0.70416647
16	18	0.041433	0.14782	3.150465632304316	0.68266359
16	19	0.015421	0.046666	6.703207559978167	0.43643314
16	20	0.0091044	0.035383	9.320409466679916	0.44671971
16	21	0.0056264	0.018634	11.14508037103955	0.40706321
16	22	0.0060098	0.061616	9.13499553250818	0.46605863
16	23	0.0052988	0.010495	9.343758864636447	0.38034829
16	24	9.8191E-4	-0.010833	6.677086533319042	0.3451838
16	25	4.0767E-4	-0.020429	8.222236660815337	0.23210689
16	26	3.0903E-4	-0.022684	8.426617267841214	0.23529888
16	27	6.8289E-4	0.048297	4.831338651762541	0.64044337
16	28	-7.6379E-4	-0.0083544	4.153271807634092	0.45830855
16	29	-9.3248E-4	-0.028325	7.332807321479316	0.23368192
16	30	2.5335E-4	3.2108E-4	6.539034460147525	0.33809586
16	31	3.8679E-4	0.040737	4.015290216842493	0.44667767
16	76	6.5197E-4	-0.038552	11.330038458877153	0.09379808
16	77	5.6165E-5	-0.0068978	12.815620894680539	0.26031314
16	79	-1.186E-4	-0.034125	12.024983306311876	0.19859684
16	80	9.3727E-4	-0.0098985	10.506226555036417	0.11894568
16	81	2.4819E-4	-0.01859	8.681635816395064	0.20613456
16	82	4.7969E-4	-0.0076232	11.19098314028222	0.16268903
16	83	3.797E-4	0.0081801	9.640806953559277	0.18592622
16	84	4.788E-4	0.014566	6.99786853157896	0.1776869
16	85	0.0028408	0.01925	7.302909324104358	0.27337801
16	86	0.0026993	0.037031	7.748355304707506	0.28267733
17	18	0.058761	0.090307	0.46585734346212004	0.60409723
17	19	0.020316	0.053779	3.4305887008368456	0.71145732
17	20	0.012623	0.029257	6.246307791067004	0.55402628
17	21	0.0049269	0.026259	8.357617190570545	0.47827966
17	22	0.0086568	0.03244	7.153494681857761	0.40081486
17	23	0.0062037	0.023487	8.284966281508906	0.28666585
17	24	-7.0806E-5	0.012738	6.518591230613349	0.27494951
17	25	-2.0214E-4	-0.012671	8.897939664838173	0.19286947
17	26	3.3064E-4	-0.016394	8.517116303871505	0.16940505
17	27	-3.9128E-4	-0.0059299	4.763797706949873	0.21601512
17	28	2.3024E-5	-0.020558	5.777254600369329	0.13527896
17	29	3.4473E-4	-0.020878	8.829490013896738	0.23396704
17	30	5.1406E-4	-0.0047021	7.384697724090372	0.23754467
17	31	2.4222E-4	0.014424	5.94969464742031	0.44744115
17	76	-2.918E-4	-0.03849	11.828947107400433	0.08778284
17	77	1.9254E-4	-0.021535	12.967900354046641	0.22222158
17	79	-2.3007E-4	-0.0281	11.172105510186235	0.07378437
17	80	5.0274E-5	-0.0135	8.81349630531733	0.23020577
17	81	-5.6797E-4	-0.024348	6.873853464012421	0.2113745
17	82	5.728E-4	-7.1619E-4	8.815871888653712	0.26890349
17	83	-8.4214E-6	0.013121	7.491964974236743	0.22995786
17	84	0.0010147	-0.013976	5.628558301301487	0.28196894
17	85	0.0024287	-0.016816	7.078639844941709	0.21930615
17	86	0.0025567	-0.0056298	8.76374453036564	0.23388985
18	19	0.028329	0.11847	0.3520302504111019	0.74611623
18	20	0.013836	0.098108	2.903491492815708	0.59058161
18	21	0.0069258	0.090366	4.6816787241265665	0.56401298
18	22	0.0065569	0.091683	3.406310380815733	0.54160726
18	23	0.0081099	0.038712	4.740485612050426	0.42287342
18	24	-2.0477E-4	0.059	3.76400621161093	0.46989837
18	25	-7.3081E-4	-0.017765	6.595317353641154	0.24193937
18	26	3.6964E-4	0.0061809	6.020468990448405	0.32370765
18	27	0.0023373	0.06641	2.7290632236908765	0.59877994
18	28	-3.4103E-4	-0.038822	4.965105319121811	0.32414447
18	29	-3.4537E-5	-0.029059	7.849129610774338	0.15623308
18	30	-1.7386E-4	0.01213	6.7181343141905385	0.36387253
18	31	8.3259E-4	0.034502	6.619418595906651	0.29770986
18	76	1.6376E-4	-0.048847	9.328001767756007	0.0510931
18	77	0.0029605	-0.02424	10.018327354778615	0.2658731
18	79	-4.1665E-4	-0.04527	7.900672457867276	0.24491518
18	80	0.0012613	-0.019972	5.324757475139352	0.34974676
18	81	0.0023655	0.10413	4.141050589937717	0.69995093
18	82	0.001571	-0.015373	6.481357042430964	0.21725085
18	83	2.2491E-4	-0.019853	6.368011158879786	0.24902056
18	84	5.572E-4	-0.0093693	5.6264501328041465	0.20519421
18	85	0.0058107	-0.024444	6.767231481578455	0.24124765
18	86	0.0023892	-0.032147	8.947369517431639	0.10589096
19	20	0.03835	0.10936	0.3778869755459875	0.80838618
19	21	0.016059	0.10055	1.819637535308367	0.96052224
19	22	0.017253	0.2234	2.1890208444771435	1.20083644
19	23	0.013396	0.059599	4.944274024742954	0.41217469
19	24	6.7214E-4	-0.023675	5.6103774615717406	0.17314063
19	25	5.904E-4	-0.018862	8.4884374919499	0.29939701
19	26	2.0705E-4	-0.013769	7.2109375174863795	0.34591457
19	27	0.0014865	0.13698	4.687578809507823	0.54422312
19	28	-1.2404E-4	-0.021054	7.826127203982682	0.13162209
19	29	-7.4798E-4	0.026032	10.061084131673793	0.2255253
19	30	-1.8603E-4	0.065938	8.507354576059287	0.32924076
19	31	2.087E-4	0.013404	9.27496721889252	0.28871627
19	76	2.4854E-4	-0.027261	10.961294440265474	0.06834698
19	77	2.642E-4	-0.013261	10.986659306454715	0.20217639
19	79	2.437E-4	-0.033764	8.27743246608603	0.14126075
19	80	-3.1984E-5	0.0093662	5.016778837536364	0.40163873
19	81	0.0042253	-0.056764	4.5584095772962065	0.15797174
19	82	-1.6335E-5	-0.017942	5.954335572342913	0.26868541
19	83	-2.7202E-4	-0.047365	6.774842160937928	0.12207467
19	84	4.66E-4	-0.013926	7.304599992526577	0.29422412
19	85	2.3397E-4	-0.045844	9.042386386863255	0.26555984
19	86	3.9076E-4	-0.021613	11.800454105058837	0.24024345
20	21	0.029233	0.10278	0.3490326752377062	0.9437083
20	22	0.027758	0.070674	2.358415928013536	0.6238718
20	23	0.019858	0.051744	4.499904113342136	0.41365987
20	24	6.1207E-4	0.052118	5.7963650427764115	0.36285482
20	25	6.7751E-4	-0.019218	9.118964733555249	0.22897412
20	26	0.0025516	0.005081	8.49006513859365	0.29836008
20	27	6.6262E-4	0.03448	6.809223525812333	0.26953891
20	28	-4.7682E-4	0.017879	9.817522082447983	0.26091535
20	29	-9.1862E-4	-0.019241	12.18040493697131	0.15930385
20	30	7.1794E-4	-0.0070379	11.296277385787194	0.3298407
20	31	0.0013905	0.035582	12.292438879919208	0.30720354
20	76	4.8236E-4	-0.0041802	10.21142476010502	0.14469025
20	77	3.1016E-4	-0.025389	10.344245923294592	0.24944491
20	79	1.0859E-4	-0.015719	6.330949028743292	0.23937661
20	80	-2.0736E-4	-4.3621E-5	2.6031759927558342	0.27390871
20	81	0.00129	-0.035537	2.4489876901904992	0.26682883
20	82	5.5166E-4	0.029579	3.069140901232559	0.34228361
20	83	7.9746E-4	0.0064762	5.080251116564886	0.29106811
20	84	0.0035492	-0.017031	6.804958059688437	0.31351883
20	85	3.5756E-4	-0.043241	8.41195534194064	0.21402779
20	86	5.1019E-4	-0.04562	11.573564538879848	0.19148403
21	22	0.041287	0.11298	0.39845415926005345	0.70641857
21	23	0.03521	0.097659	3.3943341837151335	0.57684896
21	24	0.0011765	0.061742	6.053986778074105	0.2261795
21	25	0.0010133	-0.0034169	8.571569905405058	0.28337231
21	26	0.0068125	2.1161E-4	7.148324369301506	0.32537375
21	27	0.0010625	0.033952	6.44378275867565	0.32178837
21	28	5.5384E-4	-0.018485	9.931501490829909	0.23827421
21	29	2.4845E-4	-0.018286	11.445654380996482	0.22612685
21	30	-6.9292E-4	0.018676	10.486184249101697	0.43423828
21	31	2.3475E-4	0.02876	12.358446560495741	0.26825334
21	76	2.4736E-4	0.008967	10.169530352963584	0.07763857
21	77	3.4915E-4	-0.0059039	9.24982584860361	0.18313836
21	79	-4.1383E-4	-0.015781	6.322590241288583	0.0619591
21	80	2.7512E-4	0.040947	3.2723988190155415	0.41414977
21	81	1.0229E-4	-0.038411	4.984374693440174	0.26781375
21	82	8.3438E-5	0.023364	6.137147686808671	0.39289745
21	83	0.0010221	-0.0057872	8.662120750514813	0.14370491
21	84	0.010698	-0.010617	10.302581691053698	0.3725693
21	85	-4.0095E-4	-0.050987	11.417731641516525	0.09498269
21	86	2.017E-4	-0.050995	14.226944743772247	0.15650215
22	23	0.041383	0.093179	0.371328015434351	0.82339753
22	24	0.001026	0.018212	3.060431719320311	0.33311696
22	25	4.1463E-4	-0.012893	5.001736368156287	0.2207348
22	26	-0.0023547	0.023308	3.354509678725761	0.56204605
22	27	7.6981E-4	0.14118	2.994490206419898	0.81596143
22	28	1.5132E-5	-0.012191	6.466391741665238	0.27634653
22	29	-0.0033844	-0.017609	7.742127624471009	0.198649
22	30	0.0068252	0.23938	7.15819089617156	1.71597098
22	31	0.0012372	0.047159	9.248252685647927	0.36546314
22	76	4.3734E-4	-0.0055583	7.512195837685465	0.16347384
22	77	1.6985E-4	-0.030035	6.369495688110006	0.20540979
22	79	-1.4483E-4	-0.020706	4.961303785893682	0.1227649
22	80	3.2195E-4	-0.0056006	2.918561386898128	0.31824162
22	81	-1.3596E-4	-0.0012537	4.993784664857683	0.23558129
22	82	9.6356E-4	-0.026067	7.491148975200001	0.17641827
22	83	1.7542E-4	0.0035326	9.571659762728903	0.15231107
22	84	-5.4252E-5	-0.016881	10.330818875799071	0.2141234
22	85	2.7426E-4	0.018027	10.6966790770025	0.25153486
22	86	4.4689E-4	-0.030109	12.85460700847609	0.16584722
23	24	9.4875E-4	0.042991	0.40561913491090196	0.46060823
23	25	9.6634E-4	0.0055497	2.1204065973440764	0.47756375
23	26	0.0030527	0.070712	2.03492796640397	0.76790866
23	27	-7.3725E-4	-0.018275	2.860195364363639	0.35696164
23	28	4.8877E-5	0.0066578	5.248787024779833	0.30048117
23	29	5.7359E-4	0.045823	6.678070599077981	0.41075474
23	30	2.9068E-4	-0.026237	7.424899814778889	0.2991197
23	31	3.2251E-4	-0.010588	9.331972785079303	0.1779898
23	76	-0.0013832	0.015206	3.79394196529274	0.17596472
23	77	2.0465E-4	-0.021689	2.7589980516314503	0.26066648
23	79	0.0015091	-0.014797	1.9759484744554616	0.2977136
23	80	0.0041609	0.007963	1.6442165893228655	0.34958759
23	81	-7.9975E-5	-0.02186	4.3335475688716105	0.31867699
23	82	2.7348E-5	5.5592E-4	7.585701297595889	0.25047226
23	83	0.0027713	-0.039301	9.702638436589787	0.22214776
23	84	-3.2789E-5	-0.025625	10.166783259122262	0.10255148
23	85	1.3726E-4	-0.010086	9.504574150277103	0.17047005
23	86	0.0015116	-0.028777	11.070986352007939	0.19699564
24	25	0.046548	0.089775	0.4168652058986837	0.46201933
24	26	0.0055611	0.0036425	2.2417402457043334	0.2600828
24	27	0.0043336	8.8096E-4	1.853451912790294	0.29844014
24	28	0.022705	0.12054	2.750053170501862	0.60855107
24	29	0.0058915	0.010936	5.277600244307177	0.15107257
24	30	0.0023961	0.0085329	6.628970286126088	0.20921926
24	31	0.0010253	0.0081082	7.489370505222053	0.24342915
24	76	-0.0010409	0.078934	2.2955521242457246	0.54565735
24	77	5.2228E-4	0.01808	3.128189795035068	0.26385643
24	79	6.2029E-4	0.025982	2.6295528026546053	0.32142548
24	80	4.9198E-4	-0.0016278	2.7751229947265017	0.08790247
24	81	-3.6127E-4	0.016214	3.778856524544839	0.47908976
24	82	3.6811E-4	-0.036078	7.560836190729247	0.24070047
24	83	5.2031E-4	-0.029706	8.68636607918195	0.18331557
24	84	4.9812E-4	-0.0041172	8.185855384907926	0.27695145
24	85	0.0075856	0.062845	6.893057514655205	0.56006961
24	86	0.0028746	-0.029741	7.826778389190731	0.02392594
25	26	0.005677	0.04789	0.4165556461291111	0.27727889
25	27	0.0012994	0.017498	2.075029588961141	0.26599067
25	28	0.023812	0.081691	1.7314315741321151	0.374228
25	29	0.025803	0.10733	2.7918919564217184	0.61370101
25	30	0.0020289	0.014731	5.279760192539884	0.28588173
25	31	-0.0012409	-2.2673E-4	6.650822155425893	0.23324385
25	76	0.0016681	-0.017125	2.0366296544826366	0.36604127
25	77	4.7168E-4	0.082843	1.6850905596655805	0.27940372
25	79	-3.5613E-5	0.032562	4.709481056146565	0.23699476
25	80	3.0466E-5	-0.043093	5.985966332775757	0.22212564
25	81	-3.5693E-5	0.020094	7.5386206168785295	0.30904023
25	82	0.0018853	-0.0099343	11.315432375570893	0.22277547
25	83	4.2327E-4	-0.013235	12.459100005990253	0.19231742
25	84	4.6908E-4	-0.011752	11.69179290210411	0.19535019
25	85	0.0019423	-0.034449	10.027672061828142	0.17595236
25	86	0.002207	-0.0021576	10.14514617861321	0.23256611
26	27	0.0040551	0.077083	0.42342307363440956	0.42952141
26	28	0.0020814	-0.021574	2.0277047635257386	0.24105428
26	29	0.024652	0.13125	1.6485301821421239	0.63892237
26	30	0.0027559	0.024614	2.820866981378078	0.51023403
26	31	0.0019113	0.0090629	5.4138641355537125	0.2986571
26	76	1.6692E-4	7.3213E-4	5.444178706923553	0.24288941
26	77	6.8583E-4	-0.013505	3.8296694945204797	0.20706163
26	79	4.5982E-4	-0.039511	6.609626666364734	0.24591913
26	80	-4.3667E-5	-0.0078873	6.904677433088335	0.29345427
26	81	6.3946E-4	-0.015013	8.77006918632758	0.25749205
26	82	-1.2357E-5	-0.0048032	12.286644159921524	0.18536241
26	83	-1.0667E-4	0.035497	13.623026816638692	0.26401942
26	84	0.022458	0.0062554	13.106492359068902	0.27165243
26	85	2.1311E-4	2.253E-4	12.233629904791785	0.1970481
26	86	-3.0363E-4	0.017965	12.89818020516401	0.27588225
27	28	0.037266	0.045816	0.388307669659371	0.49977819
27	29	0.0026962	0.049117	2.029540035767302	0.41011613
27	30	9.2302E-4	0.10422	1.7143771859337884	0.50590134
27	31	0.031428	0.11925	3.130633123978104	1.01051799
27	76	-4.2841E-4	-0.0074701	6.844573051132975	0.27168116
27	77	3.1989E-4	-0.014545	6.465269433725569	0.19456113
27	79	-0.0026338	-0.051466	7.4273687477613874	0.07261079
27	80	-3.7108E-4	0.02538	6.635108619242744	0.45183044
27	81	0.0059458	0.024996	7.350290972806271	0.48330317
27	82	0.0011545	-0.017946	10.722546264749854	0.15176816
27	83	-7.61E-4	-0.0068941	11.372442519773093	0.25165998
27	84	-2.6658E-5	0.028372	10.441256229114467	0.39027442
27	85	-0.0010573	-0.008637	10.084226785396337	0.26683157
27	86	8.5269E-4	-0.0038191	10.992196983087746	0.2606043
28	29	0.0033722	-0.04651	0.429206445205063	0.39112267
28	30	0.0055389	0.015824	2.0063655999201533	0.36090812
28	31	0.0092985	0.048669	1.810814715569917	0.65253175
28	76	0.0053852	0.075266	6.4097803237381425	0.36226088
28	77	1.401E-5	-8.49E-4	6.815734236950374	0.25432658
28	79	0.020757	0.083715	8.671355723364298	0.2449505
28	80	-3.4842E-4	-0.0072853	8.694690487978601	0.24078882
28	81	5.2105E-5	0.028468	8.94231076419647	0.18355333
28	82	-4.9023E-4	-0.0198	12.553402834505247	0.17635175
28	83	1.5399E-4	-0.021782	12.654470934914055	0.20373881
28	84	2.9776E-4	-0.022938	10.98713136799689	0.1922909
28	85	-0.0011154	0.028123	9.87262879010786	0.18897205
28	86	-3.7048E-4	0.002257	9.763925440384416	0.26644888
29	30	0.0036659	0.0919	0.3894573490144986	0.4324455
29	31	0.0043481	-0.010886	1.9518527632960911	0.34010384
29	76	5.0532E-4	-0.030264	8.035692283373141	0.14939688
29	77	7.0171E-4	-0.055809	7.3099522874754195	0.19659632
29	79	2.265E-4	0.0063622	10.65808553822319	0.1380396
29	80	6.1218E-4	0.020363	11.055678261499875	0.4253076
29	81	4.1934E-4	-0.046523	12.031007906160895	0.17117251
29	82	-7.319E-4	-0.0052816	15.659464997738002	0.20072199
29	83	-1.3781E-4	-0.0097025	16.14599183976091	0.26423573
29	84	1.1069E-4	-0.056959	14.712311255055223	0.15673312
29	85	-4.978E-4	-0.022185	13.622453201580555	0.1365357
29	86	0.0045452	7.5138E-4	13.42774212424234	0.18173497
30	31	0.0054213	0.06041	0.41541649102689715	0.69569092
30	76	8.557E-5	-0.016464	10.67399690919392	0.16592512
30	77	7.3775E-4	-0.030114	9.788391448542919	0.20504663
30	79	0.0014564	-0.017718	12.176930698953502	0.21387783
30	80	0.0033577	0.044226	11.671763168256065	0.22672742
30	81	2.3306E-4	-0.055704	12.416482478730854	0.14249
30	82	-2.0669E-4	-0.031291	15.696509131252238	0.16630406
30	83	-9.3192E-4	-0.044134	16.06047979881278	0.2257225
30	84	7.2686E-5	-5.4274E-4	14.729635848521614	0.28047769
30	85	3.0417E-4	-0.027072	14.425383081437552	0.12958101
30	86	-3.2002E-4	-0.0099794	14.79803423449907	0.20867965
31	76	0.0011176	0.0044589	11.60885065552989	0.21360414
31	77	2.9082E-4	-0.038262	11.654552069058715	0.1692025
31	79	0.0020347	0.0055505	13.475299967704277	0.14167119
31	80	3.8908E-4	0.020535	12.836060297991015	0.23471778
31	81	-0.0010442	-0.032749	12.717363959407258	0.22440494
31	82	9.2094E-4	-0.0088293	15.92611647486375	0.20320663
31	83	3.6921E-4	-0.015959	15.542096636856229	0.13160706
31	84	4.105E-4	-0.013648	13.556683254693414	0.27202333
31	85	-6.273E-4	-0.01	13.227136163512949	0.19150646
31	86	-4.2846E-4	-0.022699	13.187821948646544	0.20942443
76	77	0.0102	0.011937	0.42876847040925115	0.36804906
76	79	0.012806	-0.014815	1.9774935611305005	0.46898717
76	80	0.0049204	-0.0034503	5.030755244935056	0.36945426
76	81	0.01281	0.0352	6.6737429488745645	0.48541425
76	82	0.0075035	0.0067744	10.146999224920625	0.26819482
76	83	0.0062321	-0.0074688	11.631772051225365	0.18538394
76	84	0.003292	-0.021141	11.328169098703343	0.2251031
76	85	0.0051628	0.088812	8.82208529670776	0.32611798
76	86	0.0025926	0.011553	8.693966884360153	0.15019364
77	79	0.012792	0.051229	2.6878427213586917	0.30661309
77	80	0.0049851	-0.029677	5.578141344398627	0.19566389
77	81	0.0046431	0.068755	8.292668857023191	0.22578892
77	82	0.0034005	-0.020521	11.68566286246647	0.20366446
77	83	0.0034701	0.051334	13.732854840918954	0.22379302
77	84	0.0031082	0.095497	13.825629190250208	0.37491772
77	85	0.0035605	0.0070257	11.865710890751208	0.25035581
77	86	0.0022499	0.0030041	12.16829120359714	0.25947288
79	80	0.008135	0.0037447	0.4175126718846649	0.5300709
79	81	0.0075393	0.034736	3.1978316134924203	0.31017505
79	82	0.0048305	-0.012145	6.02719178758977	0.24592092
79	83	0.010334	0.022095	8.555408734125322	0.29251849
79	84	0.0043234	-0.024516	9.529076765183198	0.282067
79	85	0.0037146	0.0064213	8.023952468388513	0.45059625
79	86	0.0037594	0.0071997	9.472527879169656	0.2571379
80	81	0.032424	0.10177	0.4324807892538749	0.62475459
80	82	0.024588	0.018869	3.0325417993200796	0.46111384
80	83	0.024472	0.089989	5.838672469570508	0.40719838
80	84	0.018994	0.0050632	7.310088935204976	0.40874879
80	85	0.011451	-0.0058681	6.919665934515517	0.24520203
80	86	0.011375	-0.044712	9.326832795318719	0.23908207
81	82	0.024433	0.055075	0.42162020614293927	0.53891305
81	83	0.023193	0.07064	2.1863105892887837	0.708419
81	84	0.018095	0.04083	3.518109423823824	0.43390654
81	85	0.013622	-0.012304	3.5750727594771368	0.41436161
81	86	0.011724	0.041436	6.588649858714642	0.37479151
82	83	0.042677	0.087195	0.42385394595557213	0.69599545
82	84	0.031504	0.043357	3.6065647074725566	0.49392716
82	85	0.019246	-0.0050669	4.876927268014379	0.45066576
82	86	0.017751	0.001081	8.434900041825449	0.42139538
83	84	0.034285	0.099	0.3041255378294079	0.58874587
83	85	0.02032	0.081831	2.729503242514845	0.72533715
83	86	0.017197	0.00905	6.4852506290938345	0.57568512
84	85	0.040287	0.040977	0.40189978826375694	0.41822452
84	86	0.03738	0.042478	3.8235560494814465	0.42005511
85	86	0.13612	0.13211	0.3680039808896176	0.65109178
