1,2,0.21951
1,3,0.1187
1,4,0.077457
1,5,0.062958
1,6,0.053007
1,7,0.059692
1,14,0.024611
1,15,0.018355
1,16,0.0078877
1,17,0.0052573
1,18,0.0070552
1,19,0.0034075
1,20,0.001205
1,21,0.001146
1,22,0.003156
1,23,0.0026485
1,24,-0.00019095
1,25,-0.00031785
1,26,-9.4131e-05
1,27,-0.0010025
1,28,5.8079e-05
1,29,9.6809e-05
1,30,-0.0001357
1,31,0.00041643
1,76,0.00043303
1,77,-0.0004607
1,79,0.00088893
1,80,0.00011285
1,81,0.0011376
1,82,0.00064712
1,83,0.0021035
1,84,0.0021776
1,85,0.0059481
1,86,0.005895
2,3,0.17346
2,4,0.10845
2,5,0.083479
2,6,0.068202
2,7,0.05011
2,14,0.018679
2,15,0.012014
2,16,0.0089228
2,17,0.0061579
2,18,0.0062938
2,19,0.003288
2,20,0.0017321
2,21,0.0011987
2,22,0.0035839
2,23,0.0010725
2,24,-0.00035492
2,25,-0.00024471
2,26,-0.00015892
2,27,-0.00068318
2,28,-0.00069676
2,29,4.0059e-05
2,30,-0.00022025
2,31,0.00019953
2,76,0.0003414
2,77,-0.00032168
2,79,0.00069235
2,80,7.2824e-05
2,81,0.002512
2,82,0.00077764
2,83,0.0018977
2,84,0.0017895
2,85,0.0061485
2,86,0.0066482
3,4,0.14045
3,5,0.10485
3,6,0.085728
3,7,0.060666
3,14,0.020907
3,15,0.013795
3,16,0.0090045
3,17,0.0067189
3,18,0.0072808
3,19,0.0040802
3,20,0.0025426
3,21,0.0019428
3,22,0.0039593
3,23,0.0032507
3,24,0.00017102
3,25,-0.00014494
3,26,0.00018254
3,27,-7.3522e-05
3,28,-0.00012823
3,29,-1.5251e-05
3,30,0.00016496
3,31,4.9142e-05
3,76,-0.00014366
3,77,-0.00019549
3,79,-0.00025853
3,80,0.0038506
3,81,-3.247e-05
3,82,0.00046217
3,83,0.00032762
3,84,0.0019467
3,85,0.0074532
3,86,0.0073567
4,5,0.12964
4,6,0.10335
4,7,0.079175
4,14,0.026515
4,15,0.017824
4,16,0.010654
4,17,0.0080293
4,18,0.0072155
4,19,0.003533
4,20,0.0023443
4,21,0.0016993
4,22,0.0019087
4,23,0.003511
4,24,0.0001083
4,25,0.00011531
4,26,-0.00040263
4,27,-5.6211e-05
4,28,4.0297e-05
4,29,-0.00019824
4,30,0.00030561
4,31,-0.0002981
4,76,0.00013863
4,77,-4.9853e-05
4,79,0.00014831
4,80,0.00012591
4,81,0.0012706
4,82,0.00090522
4,83,0.0020494
4,84,0.0029633
4,85,0.0046064
4,86,0.0064853
5,6,0.12389
5,7,0.10164
5,14,0.02998
5,15,0.015511
5,16,0.010262
5,17,0.0093459
5,18,0.011415
5,19,0.0041464
5,20,0.0030091
5,21,0.0024303
5,22,0.0018189
5,23,0.0022808
5,24,0.001373
5,25,-0.00080482
5,26,0.00016338
5,27,-0.00058305
5,28,-0.00055485
5,29,6.5607e-05
5,30,0.00024221
5,31,0.00013414
5,76,-0.00014523
5,77,-6.6713e-05
5,79,0.0004303
5,80,0.00074963
5,81,0.0010077
5,82,0.0013047
5,83,0.001403
5,84,0.0017671
5,85,0.0065576
5,86,0.0070436
6,7,0.13248
6,14,0.039055
6,15,0.022707
6,16,0.012681
6,17,0.0090706
6,18,0.0074746
6,19,0.0037187
6,20,0.0027231
6,21,0.0019865
6,22,0.0013602
6,23,0.0019823
6,24,-0.00023812
6,25,0.00015829
6,26,-4.6554e-05
6,27,-0.00026701
6,28,-0.00012011
6,29,-0.00014132
6,30,-0.00025647
6,31,-0.00027723
6,76,0.0017821
6,77,3.4153e-05
6,79,-0.00055575
6,80,0.0003414
6,81,-1.14e-05
6,82,0.0022603
6,83,0.0017066
6,84,0.00086291
6,85,0.0033637
6,86,0.0051041
7,14,0.05388
7,15,0.039206
7,16,0.014525
7,17,0.010163
7,18,0.0086433
7,19,0.0043512
7,20,0.003531
7,21,0.0025852
7,22,0.0021715
7,23,0.0025456
7,24,-0.00072006
7,25,0.0010434
7,26,0.00014324
7,27,-0.00058182
7,28,-0.0010332
7,29,-0.00040322
7,30,0.00013622
7,31,0.00020096
7,76,-0.00031131
7,77,-0.0001086
7,79,0.00019884
7,80,0.00053189
7,81,0.00043844
7,82,0.001445
7,83,0.00063673
7,84,0.00058981
7,85,0.0065814
7,86,0.0057822
14,15,0.066908
14,16,0.040918
14,17,0.030021
14,18,0.023942
14,19,0.011287
14,20,0.0069543
14,21,0.0046053
14,22,0.0044992
14,23,0.0045425
14,24,-8.5592e-05
14,25,4.3738e-05
14,26,-1.017e-05
14,27,-0.00014378
14,28,-0.00050523
14,29,-0.00041206
14,30,-0.00023912
14,31,-0.00018095
14,76,-2.0601e-05
14,77,-4.2339e-05
14,79,-0.0002791
14,80,0.00090634
14,81,-5.7602e-05
14,82,0.0020167
14,83,-0.00019442
14,84,4.4287e-05
14,85,0.0052817
14,86,0.0066244
15,16,0.058626
15,17,0.038823
15,18,0.031253
15,19,0.013107
15,20,0.007749
15,21,0.0042925
15,22,0.0048068
15,23,0.0044374
15,24,0.00011194
15,25,-0.00010889
15,26,-0.00090065
15,27,-0.00042149
15,28,-0.00010769
15,29,0.0006265
15,30,0.00040239
15,31,0.0002436
15,76,0.00090564
15,77,0.00015901
15,79,0.00033839
15,80,0.00053317
15,81,0.00040366
15,82,0.0022271
15,83,0.0011
15,84,0.001953
15,85,0.0033998
15,86,0.0035358
16,17,0.05784
16,18,0.041433
16,19,0.015421
16,20,0.0091044
16,21,0.0056264
16,22,0.0060098
16,23,0.0052988
16,24,0.00098191
16,25,0.00040767
16,26,0.00030903
16,27,0.00068289
16,28,-0.00076379
16,29,-0.00093248
16,30,0.00025335
16,31,0.00038679
16,76,0.00065197
16,77,5.6165e-05
16,79,-0.0001186
16,80,0.00093727
16,81,0.00024819
16,82,0.00047969
16,83,0.0003797
16,84,0.0004788
16,85,0.0028408
16,86,0.0026993
17,18,0.058761
17,19,0.020316
17,20,0.012623
17,21,0.0049269
17,22,0.0086568
17,23,0.0062037
17,24,-7.0806e-05
17,25,-0.00020214
17,26,0.00033064
17,27,-0.00039128
17,28,2.3024e-05
17,29,0.00034473
17,30,0.00051406
17,31,0.00024222
17,76,-0.0002918
17,77,0.00019254
17,79,-0.00023007
17,80,5.0274e-05
17,81,-0.00056797
17,82,0.0005728
17,83,-8.4214e-06
17,84,0.0010147
17,85,0.0024287
17,86,0.0025567
18,19,0.028329
18,20,0.013836
18,21,0.0069258
18,22,0.0065569
18,23,0.0081099
18,24,-0.00020477
18,25,-0.00073081
18,26,0.00036964
18,27,0.0023373
18,28,-0.00034103
18,29,-3.4537e-05
18,30,-0.00017386
18,31,0.00083259
18,76,0.00016376
18,77,0.0029605
18,79,-0.00041665
18,80,0.0012613
18,81,0.0023655
18,82,0.001571
18,83,0.00022491
18,84,0.0005572
18,85,0.0058107
18,86,0.0023892
19,20,0.03835
19,21,0.016059
19,22,0.017253
19,23,0.013396
19,24,0.00067214
19,25,0.0005904
19,26,0.00020705
19,27,0.0014865
19,28,-0.00012404
19,29,-0.00074798
19,30,-0.00018603
19,31,0.0002087
19,76,0.00024854
19,77,0.0002642
19,79,0.0002437
19,80,-3.1984e-05
19,81,0.0042253
19,82,-1.6335e-05
19,83,-0.00027202
19,84,0.000466
19,85,0.00023397
19,86,0.00039076
20,21,0.029233
20,22,0.027758
20,23,0.019858
20,24,0.00061207
20,25,0.00067751
20,26,0.0025516
20,27,0.00066262
20,28,-0.00047682
20,29,-0.00091862
20,30,0.00071794
20,31,0.0013905
20,76,0.00048236
20,77,0.00031016
20,79,0.00010859
20,80,-0.00020736
20,81,0.00129
20,82,0.00055166
20,83,0.00079746
20,84,0.0035492
20,85,0.00035756
20,86,0.00051019
21,22,0.041287
21,23,0.03521
21,24,0.0011765
21,25,0.0010133
21,26,0.0068125
21,27,0.0010625
21,28,0.00055384
21,29,0.00024845
21,30,-0.00069292
21,31,0.00023475
21,76,0.00024736
21,77,0.00034915
21,79,-0.00041383
21,80,0.00027512
21,81,0.00010229
21,82,8.3438e-05
21,83,0.0010221
21,84,0.010698
21,85,-0.00040095
21,86,0.0002017
22,23,0.041383
22,24,0.001026
22,25,0.00041463
22,26,-0.0023547
22,27,0.00076981
22,28,1.5132e-05
22,29,-0.0033844
22,30,0.0068252
22,31,0.0012372
22,76,0.00043734
22,77,0.00016985
22,79,-0.00014483
22,80,0.00032195
22,81,-0.00013596
22,82,0.00096356
22,83,0.00017542
22,84,-5.4252e-05
22,85,0.00027426
22,86,0.00044689
23,24,0.00094875
23,25,0.00096634
23,26,0.0030527
23,27,-0.00073725
23,28,4.8877e-05
23,29,0.00057359
23,30,0.00029068
23,31,0.00032251
23,76,-0.0013832
23,77,0.00020465
23,79,0.0015091
23,80,0.0041609
23,81,-7.9975e-05
23,82,2.7348e-05
23,83,0.0027713
23,84,-3.2789e-05
23,85,0.00013726
23,86,0.0015116
24,25,0.046548
24,26,0.0055611
24,27,0.0043336
24,28,0.022705
24,29,0.0058915
24,30,0.0023961
24,31,0.0010253
24,76,-0.0010409
24,77,0.00052228
24,79,0.00062029
24,80,0.00049198
24,81,-0.00036127
24,82,0.00036811
24,83,0.00052031
24,84,0.00049812
24,85,0.0075856
24,86,0.0028746
25,26,0.005677
25,27,0.0012994
25,28,0.023812
25,29,0.025803
25,30,0.0020289
25,31,-0.0012409
25,76,0.0016681
25,77,0.00047168
25,79,-3.5613e-05
25,80,3.0466e-05
25,81,-3.5693e-05
25,82,0.0018853
25,83,0.00042327
25,84,0.00046908
25,85,0.0019423
25,86,0.002207
26,27,0.0040551
26,28,0.0020814
26,29,0.024652
26,30,0.0027559
26,31,0.0019113
26,76,0.00016692
26,77,0.00068583
26,79,0.00045982
26,80,-4.3667e-05
26,81,0.00063946
26,82,-1.2357e-05
26,83,-0.00010667
26,84,0.022458
26,85,0.00021311
26,86,-0.00030363
27,28,0.037266
27,29,0.0026962
27,30,0.00092302
27,31,0.031428
27,76,-0.00042841
27,77,0.00031989
27,79,-0.0026338
27,80,-0.00037108
27,81,0.0059458
27,82,0.0011545
27,83,-0.000761
27,84,-2.6658e-05
27,85,-0.0010573
27,86,0.00085269
28,29,0.0033722
28,30,0.0055389
28,31,0.0092985
28,76,0.0053852
28,77,1.401e-05
28,79,0.020757
28,80,-0.00034842
28,81,5.2105e-05
28,82,-0.00049023
28,83,0.00015399
28,84,0.00029776
28,85,-0.0011154
28,86,-0.00037048
29,30,0.0036659
29,31,0.0043481
29,76,0.00050532
29,77,0.00070171
29,79,0.0002265
29,80,0.00061218
29,81,0.00041934
29,82,-0.0007319
29,83,-0.00013781
29,84,0.00011069
29,85,-0.0004978
29,86,0.0045452
30,31,0.0054213
30,76,8.557e-05
30,77,0.00073775
30,79,0.0014564
30,80,0.0033577
30,81,0.00023306
30,82,-0.00020669
30,83,-0.00093192
30,84,7.2686e-05
30,85,0.00030417
30,86,-0.00032002
31,76,0.0011176
31,77,0.00029082
31,79,0.0020347
31,80,0.00038908
31,81,-0.0010442
31,82,0.00092094
31,83,0.00036921
31,84,0.0004105
31,85,-0.0006273
31,86,-0.00042846
76,77,0.0102
76,79,0.012806
76,80,0.0049204
76,81,0.01281
76,82,0.0075035
76,83,0.0062321
76,84,0.003292
76,85,0.0051628
76,86,0.0025926
77,79,0.012792
77,80,0.0049851
77,81,0.0046431
77,82,0.0034005
77,83,0.0034701
77,84,0.0031082
77,85,0.0035605
77,86,0.0022499
79,80,0.008135
79,81,0.0075393
79,82,0.0048305
79,83,0.010334
79,84,0.0043234
79,85,0.0037146
79,86,0.0037594
80,81,0.032424
80,82,0.024588
80,83,0.024472
80,84,0.018994
80,85,0.011451
80,86,0.011375
81,82,0.024433
81,83,0.023193
81,84,0.018095
81,85,0.013622
81,86,0.011724
82,83,0.042677
82,84,0.031504
82,85,0.019246
82,86,0.017751
83,84,0.034285
83,85,0.02032
83,86,0.017197
84,85,0.040287
84,86,0.03738
85,86,0.13612
