29	82	15.659464997738002
29	83	16.14599183976091
29	80	11.055678261499875
29	81	12.031007906160895
29	86	13.42774212424234
7	19	12.028995074210117
6	27	8.530123427693447
6	28	6.8601515583348
29	84	14.712311255055223
6	29	10.549154598039268
29	85	13.622453201580555
7	15	2.9737723523828494
6	23	10.630180077247763
17	83	7.491964974236743
5	31	8.253406283143141
18	76	9.328001767756007
6	24	7.093130419469683
17	84	5.628558301301487
7	16	5.429753224184694
6	25	8.96554915885259
17	81	6.873853464012421
7	17	7.975168877867266
6	26	11.091786949855425
7	18	8.51923378409871
17	82	8.815871888653712
6	20	11.298882270431315
17	80	8.81349630531733
6	21	13.741021264790497
7	14	2.1451761018023587
6	22	11.887914246227316
5	30	9.848992150348646
17	79	11.172105510186235
16	86	7.748355304707506
17	77	12.967900354046641
16	85	7.302909324104358
17	76	11.828947107400433
16	84	6.99786853157896
16	83	9.640806953559277
16	82	11.19098314028222
29	79	10.65808553822319
28	86	9.763925440384416
28	85	9.87262879010786
29	77	7.3099522874754195
1	84	7.706419810181859
2	76	13.174832668838622
1	85	10.696327358571098
2	77	13.879104664304805
1	82	5.835335510960064
1	83	6.170847245672663
28	80	8.694690487978601
1	80	8.161436761925398
28	81	8.94231076419647
1	81	6.7593138055677775
28	82	12.553402834505247
28	83	12.654470934914055
28	84	10.98713136799689
29	76	8.035692283373141
7	28	5.763486290708357
7	29	9.053893728469022
7	26	10.013753911564056
16	80	10.506226555036417
7	27	8.289584851482111
16	81	8.681635816395064
7	24	6.4222487751023705
7	25	7.260485683119696
7	22	12.25345038641641
6	30	11.472612043618971
7	23	10.217377060212442
6	31	9.232490094989192
15	84	7.19023521929518
7	21	14.705805174031894
16	76	11.330038458877153
15	83	10.457793547314814
7	20	12.86818788310487
15	86	5.82580804049163
15	85	6.585631477277741
16	77	12.815620894680539
15	80	12.14410476675965
15	82	12.486361477695263
15	81	9.976506120807484
27	83	11.372442519773093
27	82	10.722546264749854
28	77	6.815734236950374
27	85	10.084226785396337
1	79	11.935898376032624
28	76	6.4097803237381425
27	84	10.441256229114467
28	79	8.671355723364298
1	77	15.890656235597586
27	86	10.992196983087746
16	79	12.024983306311876
1	76	15.539600154174323
2	81	5.081194786113569
2	82	5.372205309954845
2	83	4.957300820240945
3	76	11.93080836094431
2	84	5.324133137452682
3	77	13.43733604226037
2	85	8.0337383650318
2	86	11.11320450486384
3	79	9.77123206082104
2	80	6.9582177038330295
14	83	13.504757496042352
7	30	10.898035459460859
14	82	15.309335664314759
14	81	12.447003628446613
14	80	14.191536061413174
7	31	8.915063662036019
15	79	13.088240840065385
2	79	10.437429999822946
14	86	6.825277600143676
1	86	14.114412379523326
14	85	8.727172300252029
15	77	13.778873682520633
14	84	10.23124550435506
15	76	11.60004043327884
3	86	7.651839032486856
4	79	10.690127997999168
4	76	11.603488061114323
3	84	1.8139152275425412
4	77	13.651109348074687
3	85	4.616792001792238
19	30	8.507354576059287
19	31	9.27496721889252
3	82	4.334987330306366
3	83	2.60920310856606
3	80	6.721161445209735
3	81	3.773110761726742
19	26	7.2109375174863795
19	25	8.4884374919499
19	28	7.826127203982682
19	27	4.687578809507823
19	29	10.061084131673793
14	76	11.693161795992252
14	77	13.988251809770873
14	79	14.353294736470751
19	24	5.6103774615717406
5	76	8.449384540979333
4	84	1.3928756503794253
19	23	4.944274024742954
18	31	6.619418595906651
4	83	4.183853967475904
19	22	2.1890208444771435
18	30	6.7181343141905385
4	86	5.259943013669316
19	21	1.819637535308367
5	77	10.866239238145422
4	85	3.195817538410231
19	20	0.3778869755459875
4	80	8.412521153420215
4	82	6.62906366516835
4	81	5.3095160026260935
5	79	8.565869170269247
24	80	2.7751229947265017
24	83	8.68636607918195
18	28	4.965105319121811
25	76	2.0366296544826366
24	84	8.185855384907926
18	29	7.849129610774338
18	26	6.020468990448405
24	81	3.778856524544839
18	27	2.7290632236908765
24	82	7.560836190729247
25	79	4.709481056146565
18	24	3.76400621161093
18	25	6.595317353641154
25	77	1.6850905596655805
18	22	3.406310380815733
24	85	6.893057514655205
17	30	7.384697724090372
18	23	4.740485612050426
24	86	7.826778389190731
17	31	5.94969464742031
24	79	2.6295528026546053
23	86	11.070986352007939
6	79	10.81968174749351
18	21	4.6816787241265665
18	20	2.903491492815708
5	86	2.721325755095868
6	77	12.400174555997793
5	85	1.7691557337731656
6	76	9.48639468586928
5	84	2.4456624090003682
5	83	5.283339277029315
5	82	7.03648302830029
29	30	0.3894573490144986
29	31	1.9518527632960911
28	30	2.0063655999201533
28	31	1.810814715569917
17	27	4.763797706949873
18	19	0.3520302504111019
17	28	5.777254600369329
17	29	8.829490013896738
17	23	8.284966281508906
16	31	4.015290216842493
5	80	7.223027911099547
17	24	6.518591230613349
5	81	4.583312783550447
23	80	1.6442165893228655
17	25	8.897939664838173
23	81	4.3335475688716105
17	26	8.517116303871505
23	82	7.585701297595889
23	83	9.702638436589787
17	20	6.246307791067004
23	84	10.166783259122262
24	76	2.2955521242457246
17	21	8.357617190570545
23	85	9.504574150277103
17	22	7.153494681857761
24	77	3.128189795035068
16	30	6.539034460147525
6	86	1.3400408226090204
6	85	2.8302835408992424
7	77	10.49937628097031
7	79	10.157053514683788
27	81	7.350290972806271
27	80	6.635108619242744
26	85	12.233629904791785
17	18	0.46585734346212004
27	77	6.465269433725569
16	26	8.426617267841214
26	86	12.89818020516401
17	19	3.4305887008368456
16	27	4.831338651762541
26	83	13.623026816638692
16	24	6.677086533319042
26	84	13.106492359068902
27	76	6.844573051132975
16	25	8.222236660815337
26	81	8.77006918632758
26	82	12.286644159921524
16	28	4.153271807634092
26	80	6.904677433088335
16	29	7.332807321479316
6	80	10.248904205100132
6	81	7.717329220635684
16	22	9.13499553250818
15	30	9.035108765105356
6	82	10.102492955006495
16	23	9.343758864636447
15	31	6.064621545524153
6	83	8.002066961739878
16	20	9.320409466679916
27	79	7.4273687477613874
6	84	4.682914635204309
7	76	7.445303730186629
16	21	11.14508037103955
15	29	8.88942036875621
15	21	14.071331345950718
25	80	5.985966332775757
25	81	7.5386206168785295
15	22	11.952345911944535
14	30	9.658341931501106
15	23	11.395137376854601
25	82	11.315432375570893
14	31	6.508450988928593
25	83	12.459100005990253
15	24	8.086428208977761
15	25	9.374049044840874
16	17	0.43618938531454643
15	26	10.531898506664483
16	18	3.150465632304316
16	19	6.703207559978167
15	27	7.418674595346697
15	28	5.582597118873805
7	82	11.898283335067372
7	83	10.530292243883475
7	80	10.59896521175762
7	81	8.92031842120974
7	86	2.4388808859232602
25	84	11.69179290210411
26	76	5.444178706923553
25	85	10.027672061828142
26	77	3.8296694945204797
7	84	7.683989624679374
25	86	10.14514617861321
7	85	4.9466463924141415
26	79	6.609626666364734
15	20	11.98071744100385
25	30	5.279760192539884
25	31	6.650822155425893
26	28	2.0277047635257386
26	27	0.42342307363440956
14	23	12.914442619961005
14	22	14.106135410192625
14	25	9.627158592724664
15	17	3.778972419504062
14	24	9.32720633132032
15	16	0.42001151830724326
14	21	16.709588633286362
14	20	14.979673691336309
21	77	9.24982584860361
20	85	8.41195534194064
20	86	11.573564538879848
21	79	6.322590241288583
14	26	11.257536082166062
15	18	6.236352837043691
15	19	9.923696896882637
14	27	8.835165711995897
14	28	5.923996728871154
14	29	8.664188700447289
26	29	1.6485301821421239
20	80	2.6031759927558342
20	81	2.4489876901904992
20	82	3.069140901232559
20	83	5.080251116564886
21	76	10.169530352963584
20	84	6.804958059688437
24	31	7.489370505222053
31	86	13.187821948646544
24	30	6.628970286126088
31	85	13.227136163512949
31	84	13.556683254693414
31	83	15.542096636856229
31	82	15.92611647486375
31	81	12.717363959407258
31	80	12.836060297991015
20	76	10.21142476010502
20	77	10.344245923294592
14	19	13.03770674394698
14	17	7.3176509086646435
14	18	9.288073455020667
14	15	0.481905717556778
20	79	6.330949028743292
14	16	3.635903922027363
25	28	1.7314315741321151
25	29	2.7918919564217184
25	26	0.4165556461291111
25	27	2.075029588961141
30	83	16.06047979881278
22	80	2.918561386898128
30	82	15.696509131252238
22	82	7.491148975200001
31	77	11.654552069058715
30	85	14.425383081437552
22	81	4.993784664857683
31	76	11.60885065552989
30	84	14.729635848521614
31	79	13.475299967704277
30	86	14.79803423449907
28	29	0.429206445205063
27	31	3.130633123978104
27	30	1.7143771859337884
30	81	12.416482478730854
30	80	11.671763168256065
23	79	1.9759484744554616
30	79	12.176930698953502
22	83	9.571659762728903
23	76	3.79394196529274
22	84	10.330818875799071
23	77	2.7589980516314503
22	85	10.6966790770025
22	86	12.85460700847609
1	18	5.010122293997869
1	17	6.521653088069548
27	29	2.029540035767302
1	19	2.330304529429479
27	28	0.388307669659371
30	77	9.788391448542919
30	76	10.67399690919392
26	31	5.4138641355537125
26	30	2.820866981378078
1	14	16.82321678170909
1	16	10.310037381422415
1	15	13.216575970999564
21	86	14.226944743772247
22	79	4.961303785893682
21	84	10.302581691053698
22	76	7.512195837685465
21	85	11.417731641516525
22	77	6.369495688110006
21	82	6.137147686808671
21	83	8.662120750514813
21	80	3.2723988190155415
21	81	4.984374693440174
1	26	12.896732586626072
2	18	1.5780053234202145
2	19	0.40313370787828107
1	27	10.363174088850291
80	81	0.4324807892538749
1	24	10.65368691838551
2	16	6.50442996845351
80	82	3.0325417993200796
1	25	13.927786009759007
2	17	2.756153506857995
1	22	7.148863540685322
2	14	13.006322836028797
1	23	9.902093256326241
2	15	9.412607580036159
1	20	2.3511457988821673
1	21	4.789592541756884
80	83	5.838672469570508
80	84	7.310088935204976
80	85	6.919665934515517
1	28	13.259356350111492
80	86	9.326832795318719
1	29	15.709305220232366
21	30	10.486184249101697
22	24	3.060431719320311
22	23	0.371328015434351
21	31	12.358446560495741
22	26	3.354509678725761
2	22	5.835673662489381
3	14	10.523214786822765
1	30	13.93137389245296
22	25	5.001736368156287
2	21	4.870427679388774
2	20	1.995946441542949
22	28	6.466391741665238
22	27	2.994490206419898
22	29	7.742127624471009
81	84	3.518109423823824
3	19	2.849180826316357
20	29	12.18040493697131
2	27	7.458344487075366
81	85	3.5750727594771368
2	28	9.93412096840283
81	82	0.42162020614293927
20	27	6.809223525812333
2	29	12.681744308376501
81	83	2.1863105892887837
20	28	9.817522082447983
3	15	6.899434256307482
2	23	8.096162272689092
1	31	14.293285675645436
2	24	7.979967750393672
3	16	4.8682751526542685
3	17	1.857010652452589
2	25	11.2123566203402
3	18	1.7067878358122537
2	26	10.464548928832846
81	86	6.588649858714642
21	25	8.571569905405058
4	15	3.558198689316079
3	23	8.411561454778111
2	31	10.961450762370772
3	22	7.277792421657204
21	24	6.053986778074105
4	14	7.212093337320401
2	30	11.07231380947774
21	23	3.3943341837151335
4	17	1.2453835148456787
20	31	12.292438879919208
3	25	10.627769779975718
20	30	11.296277385787194
21	22	0.39845415926005345
3	24	7.195954558226457
4	16	2.5422548750453293
21	29	11.445654380996482
21	28	9.931501490829909
21	27	6.44378275867565
3	21	7.048251959059946
21	26	7.148324369301506
3	20	3.685054763373393
3	28	9.206701273529093
3	29	12.54350234421534
4	18	2.8570479461164426
3	26	10.816011888008536
4	19	5.542494394742441
3	27	7.665379071681186
23	30	7.424899814778889
24	28	2.750053170501862
24	27	1.853451912790294
24	29	5.277600244307177
4	20	6.805201712852129
23	31	9.331972785079303
24	26	2.2417402457043334
24	25	0.4168652058986837
4	24	7.2503735145768475
5	16	2.1905673236264667
5	15	2.148548188490392
4	23	9.533735307327115
3	31	10.78202281058665
4	22	9.183678873842897
5	14	4.951126091731583
3	30	11.590047898522542
4	21	9.86861778784814
4	28	8.081240089816083
5	19	6.58551390765643
4	27	7.690284622136621
5	18	3.263209061705928
4	26	11.031138589868783
5	17	2.6925950136210437
4	25	10.271670709902283
4	29	11.713508593308173
23	27	2.860195364363639
23	26	2.03492796640397
23	25	2.1204065973440764
23	24	0.40561913491090196
22	31	9.248252685647927
5	21	10.08983202267545
5	20	7.538769857712521
22	30	7.15819089617156
6	15	1.100226327641755
5	23	7.836846577220853
4	31	9.521395667651387
6	14	2.560094378447376
5	22	8.55141255249772
4	30	11.164524056762035
6	17	5.593958305440381
5	25	7.476130837756597
5	24	4.780451943505321
6	16	3.5616154016147723
6	19	10.330955465662251
5	27	6.146161689391185
6	18	6.84621164138239
5	26	9.016134140705795
5	29	9.495768840980363
5	28	5.676577548834143
23	29	6.678070599077981
23	28	5.248787024779833
84	85	0.40189978826375694
84	86	3.8235560494814465
83	85	2.729503242514845
83	84	0.3041255378294079
83	86	6.4852506290938345
82	86	8.434900041825449
82	85	4.876927268014379
82	84	3.6065647074725566
82	83	0.42385394595557213
20	21	0.3490326752377062
20	22	2.358415928013536
20	25	9.118964733555249
20	26	8.49006513859365
20	23	4.499904113342136
20	24	5.7963650427764115
85	86	0.3680039808896176
6	7	0.4413347940527139
76	81	6.6737429488745645
76	80	5.030755244935056
76	83	11.631772051225365
76	82	10.146999224920625
76	85	8.82208529670776
76	84	11.328169098703343
77	79	2.6878427213586917
76	86	8.693966884360153
76	79	1.9774935611305005
76	77	0.42876847040925115
30	31	0.41541649102689715
1	2	0.4279689131444109
1	3	3.5209687905668243
1	4	7.151349676700135
1	5	9.593499682533572
1	6	13.279555809433297
1	7	15.806699326016432
79	82	6.02719178758977
79	81	3.1978316134924203
79	84	9.529076765183198
79	83	8.555408734125322
79	86	9.472527879169656
79	85	8.023952468388513
79	80	0.4175126718846649
77	80	5.578141344398627
77	82	11.68566286246647
77	81	8.292668857023191
77	83	13.732854840918954
77	84	13.825629190250208
77	85	11.865710890751208
77	86	12.16829120359714
5	6	0.4146037802109943
5	7	2.9923157775566755
18	79	7.900672457867276
18	77	10.018327354778615
17	85	7.078639844941709
17	86	8.76374453036564
19	79	8.27743246608603
18	86	8.947369517431639
19	77	10.986659306454715
18	85	6.767231481578455
19	76	10.961294440265474
18	84	5.6264501328041465
18	83	6.368011158879786
18	82	6.481357042430964
18	81	4.141050589937717
18	80	5.324757475139352
4	5	0.37147424755890346
4	6	3.182169095366664
19	80	5.016778837536364
19	82	5.954335572342913
19	81	4.5584095772962065
19	84	7.304599992526577
19	83	6.774842160937928
19	86	11.800454105058837
19	85	9.042386386863255
4	7	6.497677050702353
3	5	2.989944678946758
3	4	0.32224354388586485
3	7	9.374274225958986
3	6	6.482202436704077
2	4	3.681956085715302
2	3	0.3362691284220951
2	7	12.249432226122456
2	6	9.716474145135196
2	5	6.048124364126458
