733908373
486807177
714912241
665287462
440795885
579229602
477186339
353795735
623758897
652330134
493952766
255990961
732161676
638990394
525534839
407309690
255990965
612082580
729839718
653192755
652508050
593969721
496267422
426267932
477288991
552658347
500037792
409761704
325489674
344045339
393113638
733908366
409761701
448824011
378568719
523547512
378568717
676314891
502588125
497680185
156722992
320655535
727168085
73854125
636183362
604172043
214038419
10438792
535882869
585994140
390447863
578215077
704112898
557685273
649502044
477307137
595175821
544007463
410346517
33577591
256995567
502998074
579229620
262261456
358072482
527688670
353795753
639561280
655429724
567780817
601443794
571920047
379067051
535989398
667776823
651552837
723246154
602650466
346973557
256995550
384209721
396033827
505247065
550797967
505247067
322434391
493985236
566158831
545126284
611622911
344168693
500252256
545126286
344237874
524067656
740338963
505293789
593969773
255990995
648261142
519450635
655725280
540724706
531183276
487840705
486807138
737458535
629006132
587796680
392742622
320201655
550797970
549366053
730283413
623758850
495343721
531183285
503169182
511452092
630431694
344045374
532563178
700250378
740067124
563086395
504568013
524067675
613017686
555208746
315079281
59710902
555208747
652744932
616924287
502747333
499379246
714807871
498513694
535058514
652973799
477121343
505724802
589331778
534940140
616434054
589855706
495343731
652973796
701399985
568137688
532563166
371964124
637166214
739015758
580325803
741083616
586321581
729190709
729839733
228838443
746721838
358072443
729914951
503583394
490477535
616924269
385227409
599808128
587167476
577846409
527734316
606842441
593531754
500189455
387150778
593185740
627044382
738504126
378568771
238861896
54016998
489195771
654287231
651921997
519104516
498513639
386745252
654287236
431355955
545359107
550768725
553022180
593093937
582870338
383335132
738142155
552556506
498259719
616924250
737597158
490310116
641695560
652966183
664985605
477121390
586562604
586562606
500189434
408295609
104782574
452855433
596095726
531183248
33566462
577652108
611865301
554999907
316977756
498259749
626782477
534940172
523621688
669266755
669266759
669266757
665838771
626642931
616445131
378712002
582337928
9951318
627044347
700926687
621965852
612745427
612729363
621531175
580253598
612729360
669266761
612745422
390877035
443541105
550768755
593531714
512386333
430569553
432930927
432930929
6537213
408075994
580000564
580000569
410890378
623633252
531331711
516070069
656681444
580591942
432238178
723002938
668951659
519529800
737143477
500448782
538479572
577329365
494168567
512534181
742125363
714912282
580743117
665287420
512534185
516607895
501371425
636245732
535989339
222054281
55728802
599808149
535392737
385330090
617006221
697837893
553610676
630580446
616924203
535392733
581155606
514198626
392163743
464180576
564480673
349600967
667252065
488959820
524139752
742451906
577329340
410890381
624974531
494168583
612745466
566064238
97954849
652966138
15487815
516320365
516320362
503110056
489143640
735017541
586459126
586459124
71907972
431309238
554462646
571572003
584585971
576902018
673974033
589470798
581536065
579809534
581699723
659027516
604079898
517852482
601089030
657200905
543006653
502831881
543006654
301158194
15487804
357214925
594081839
494489598
689611975
697837873
594081843
1470062
552154657
594081841
395417369
552154659
647089276
659027521
647089273
659116792
524396452
659116790
448265359
671529260
612729401
581536090
554310901
167034484
332270749
167034482
667252026
737585678
505069255
616586896
376246200
376246203
291287100
521169981
611865386
118765308
167528083
154248824
291295150
686754053
489143651
738146931
499247071
99081052
578325703
469623795
640856840
320086925
485952402
573003477
612729419
487219107
1262287
738705173
697143823
384527343
697143821
353783284
577329403
336007299
421939141
657658456
379762805
589867258
375296271
154248898
671771051
606632977
657216004
109451372
746828338
448265329
596667226
583556805
657200946
695945614
569810757
536862736
611593789
547906349
517572912
697143819
505478371
697143817
601089079
410390630
557214762
225158739
667744720
507120229
501299026
383335223
448265326
528062412
16128337
387150856
536862720
449255009
116619585
71278495
535815177
371940918
613025636
581662071
526468988
501329951
320086983
408014139
660140600
408295585
479441524
614102999
584762995
378712042
663331074
606632961
640730106
333602725
611593762
527734286
647321394
672995517
659116788
494035993
690280338
291295196
496315526
395994371
395417308
737597249
390787230
503110027
500164912
564946446
741702933
386745365
593185722
584657970
510836409
740427978
580683998
54016983
497697356
507695278
678202311
190626508
190626507
527665124
507695274
219128338
552166214
679624758
507695270
167657945
431213469
300686455
626871730
379762848
288858228
596043582
464458044
394406706
509640781
501269320
95102804
530777339
596148579
459933992
491410819
577063931
678202308
627225858
678202309
353746043
493715171
564161754
665641752
501232469
509640775
487700960
612301811
195542159
256995601
490461662
378031332
406992908
82940163
320201597
682374570
611593719
573526748
623592586
629006071
224087290
517596044
542010087
623289583
503456334
622185248
33577505
469623711
169819512
296017778
493183127
527665119
485776672
546401704
586248276
571664874
629014963
378248524
578325782
34540529
746828366
421939156
579522218
40889141
648438118
650059019
40889140
16128399
503801414
624247422
40889142
535559061
665110152
118765384
691500444
616586870
655725329
593125640
728864511
82940144
505293819
653192838
554146345
579522283
431213428
505461074
633979976
587340535
375328789
312794468
611549646
297547169
306855279
444890415
583661490
194454384
648438107
747151014
577550189
593125645
577550186
315079226
587796611
447919580
319956055
595932775
600054552
341917175
728864520
571920097
251753005
251753004
733803461
383310753
700820566
564161790
504886394
547255483
553536449
655725331
747151009
610393366
741602615
333017898
406652157
518905306
398076296
547243057
492764097
502588055
449243427
746464085
492764094
226460652
652866117
596148527
622547324
616457624
582886346
495343692
594081847
487359492
594081845
672995595
488193106
560151726
431227624
658552833
594081849
660008644
400206700
531150703
587796632
531150721
704112872
600054578
552658309
300686401
431309203
408159800
169819558
700820580
459933936
476585097
545170435
440795932
653278333
667660771
499231163
557335548
557335545
635791053
581699795
341917163
550768691
477965681
649538961
550768690
499379129
554637635
255727408
723246050
490543324
613152893
587796598
377749406
555997199
587796599
514678800
612082296
491222359
90437523
486807227
507620268
524896445
524896443
691132034
432222553
547752180
477353761
487070421
487840830
700418951
430557605
535838646
524896447
583257238
523547446
599852934
553022407
564480955
636790068
738389933
495871290
600042724
652950542
581699387
431213287
639420318
413968729
600042729
34105078
547255792
577846391
297686547
397134741
691500228
34540541
565714019
397134743
523530197
520822696
403334238
587796579
392425658
624679625
650042216
491222375
624005561
623339708
524601539
228838538
621531403
625674659
516607943
612745533
479180423
589331403
98976880
554553654
490543313
554553652
664590948
691664188
604184580
532563062
380578539
497314063
397134739
554553656
740908229
500113706
624853853
377982986
392402176
377982982
519450751
476498394
653286335
40889139
581927404
696248139
729914868
404339069
621599690
238899702
228838514
627225480
490094681
392682428
736222308
491473837
730534251
578094265
383440194
505293638
587340791
581559895
364000458
600769227
383310606
599808078
517748841
466005286
7292178
547837040
714912584
626248186
498085589
330986521
586375253
392390143
499853476
599816966
626871794
431213299
146321170
498513588
552143054
740908281
571605515
503419870
734873567
586375288
514198965
514198968
654782816
613152820
495615321
654287518
665275348
554999850
660060784
555473572
639255623
269785303
344294260
672440922
503169278
12847007
517748862
589180314
490477838
503652692
554637661
34105014
392682411
712885093
713491330
503801100
560920115
525957643
390447966
543006553
543006552
12855910
396995434
582870403
322434096
737143357
192282732
742125499
547767685
726137665
358072174
593531618
593531619
496541874
396995431
425486735
490723615
685745754
182891438
316953207
741025781
430569201
512069308
329728191
613017399
535224248
431481537
633955677
395417494
441714555
651576082
427722614
544357952
516320310
595316614
577652409
503468199
663331109
616838983
490403398
603773815
26330838
580487833
729823410
606842762
580487836
667769357
664139298
679637146
546680994
636257863
521169996
396033535
647384193
655912699
342824616
555208699
613017373
323467869
490356851
516871032
12847041
597759825
91684030
375054353
549300445
704494073
400206698
663105030
378712115
685003607
341657067
15892513
587977996
73854401
531331884
606842784
583661867
586001703
401281926
267991912
579546802
477878626
685003611
1334620
401068032
598578124
371964045
74751783
477402336
546680931
611127701
625765802
516971308
408030089
668726750
167536469
613000994
115251578
238899772
441714513
586562734
111224054
650145621
694990994
170679576
586562738
301158208
502678248
320086992
586562736
267991907
477121491
577550535
584762723
336007300
503674896
489143472
742125438
665190687
401068028
505375302
518736990
597759875
597759877
586562740
476083765
586562742
501371760
586321271
729823453
364000401
430557662
492089219
651659214
371964065
600824812
477121487
494959367
742125445
577550540
377749437
306855636
479441385
604172105
730603985
624853816
586321289
600314653
116093623
378568422
238899756
116093626
730603980
654287594
563143272
104782429
674470654
621209945
648522557
508735792
579751029
611092476
650145662
702816348
500173112
584393914
386745233
579751024
515680658
432238597
394349958
421939002
691160578
394349955
426255057
495766828
582870476
555040965
377877311
479441404
426255055
507695326
546174554
503468224
724427322
524127117
647602214
543453420
677532521
580580472
326196152
395336071
316953295
659027427
587945167
547906250
744787997
557685645
623316111
606632829
623772624
518951958
625945242
611549910
674642056
326196160
385227735
588226397
664545566
580000272
326196167
410664266
677297351
572999770
535965874
584762654
587340809
675843323
421939026
446975972
557693687
445623223
284812019
596163762
593048345
580580490
49330863
742451839
702816356
736165539
630544097
606769586
564946783
190626433
300686144
515680643
740099398
313229852
665287713
606632845
519225179
427722574
519225176
531547402
581279942
626350706
702447272
626864248
190626443
190626442
190626444
190626446
573526466
733127823
606716899
657042033
441714472
626782858
573633431
693307395
685957514
740657779
83726709
549715026
557755661
494489220
653344998
700250500
732066096
109451434
511293778
696458027
342824594
692122082
729839484
511024276
554446211
727000499
679694941
394315283
580000267
579751070
376380520
527734142
531331914
579809895
552556580
579809892
511024285
714815604
430481207
113867791
553610680
226718557
154248978
589190121
116093592
489143523
668951609
504066860
594710760
313823951
550668736
387150930
116093598
495638934
586459492
586459494
490356945
49330829
432238525
375144860
300686184
516320230
724427319
456890818
477965706
516320232
557755659
740099351
378568370
476039638
552658670
318038991
110781217
567204853
16128068
624247596
430497195
648261204
555007933
567204857
110781215
90425922
353795795
662152707
547837120
353783300
544697693
593662412
193809680
669076368
636790102
712885110
524396786
410929439
472392749
579546797
557335421
671529594
339242569
535058224
503456663
621343974
15487787
505478682
363640295
503169221
652508087
456890840
647511061
11244765
11244766
515816919
542010186
11244763
579546788
385778564
11244764
580580405
385778560
476039652
11244769
699971829
627317369
631603901
503456631
500309429
736222249
487189714
640398851
664042788
579039979
348601622
524396761
302471365
527665283
581699412
499081003
704112964
611127697
552290332
430983453
431120194
11244759
531288017
157081857
547752204
581927345
694527603
623259422
547837157
11244760
669076333
696546547
524396777
169819893
530777413
524427791
487070451
125714085
690280006
146321246
624005514
671529547
664859992
700250586
34396854
394315217
16128024
414105030
661553813
586248166
581559931
402893623
587097778
531288023
691664247
169819868
581220897
527816845
507695378
601443833
600193051
258517075
622469231
153001362
34396842
431213352
491222430
490175829
700250570
578094301
487700826
581036603
312136819
487233970
488959571
691664256
157081876
704313346
12831188
599852966
353783353
449278445
559161020
719634244
499992171
654828194
565702491
627317323
421939065
325489801
92393980
385270588
586248141
493804307
414105010
537207852
394429997
695208098
363640281
653192919
169819844
490543354
33577850
401209769
572999720
704239476
500581338
578094319
695208087
611865081
315598740
471902229
493804310
661553842
313641542
431120155
524067410
98976999
586013213
636183182
431120235
586562826
501838775
586562824
586562822
104782359
700456964
309248053
507643697
505375468
613152744
505375465
736365829
587796450
577846285
613152747
556600745
514754675
657674312
92393777
514754671
626248085
517748940
514754679
78188188
624247654
651396695
364512111
167528312
477353678
552586154
627225557
104782370
544788168
579229816
654287426
440900194
499379009
534940374
501838792
502678155
447919762
498085416
493804375
527688881
579229811
583435291
5803197
627951347
552493137
564480832
5803199
623339601
380000668
499853321
390341181
611744523
547752061
514086749
587282923
256995769
552586135
643651085
690797978
651244990
583257357
664369670
653820803
688465812
118765199
630431468
531183055
600769300
560151566
646618105
600193026
655346338
586912445
322434140
154163111
581927304
527672090
658895600
725882387
195588991
564161905
588226406
578578600
194454194
696546738
726137703
622444936
657674354
341917024
392920800
477353629
13660737
587282992
503419749
622408702
612745604
652426302
599967274
500309460
196005149
558989759
334099464
657260458
339237231
535838516
531183076
587340669
547752029
582886497
587340666
579229857
397452919
441747079
551300776
696546761
679637084
652426338
353666035
228838633
196005151
547243230
655346301
384209502
514198827
589331588
344294164
78188173
577820545
487082733
341917007
430497159
636916743
145575266
581220816
676726308
577820548
662152590
145575262
549033736
627305617
621531339
621615823
654182280
239881640
549463171
229607171
606842637
523621462
256819569
229607174
256819563
332225496
297178800
633955766
612325207
587150875
332225498
578914040
647321103
34556639
413968894
490356980
606219067
552556701
587977861
516971210
548615885
622444971
98976905
652941928
71278644
445623063
384527192
445623065
495638722
479441237
71907824
741250948
675600853
503674710
651984900
582870520
734873461
600769372
612717169
606769640
378568516
378568515
623316076
410382878
289537438
99081253
577329114
384473044
535573954
393113428
694933813
580230228
524353699
435333753
496459685
587784071
552556720
384209553
695888478
378568527
519536768
516971239
633955799
623266215
644956670
445639894
524617392
436425507
586001638
604172216
344045510
505258800
604172212
739015927
385330279
33566685
583435234
238861656
673974205
739294537
391221173
375042035
585889506
494464885
587784047
742747887
652426395
626887848
685003519
700926461
431045014
495000828
660620359
384527146
580844709
580844706
396033699
665287623
503583526
392402014
392402017
544357889
542010304
616924018
587365123
587365126
700926469
739294545
476083613
503583516
669060233
348513001
675600817
218701652
652973904
597725157
288931930
624853701
430557768
528152221
579546916
1334752
218173515
384473001
1334753
583661747
631603792
593185523
586912414
489544667
445717562
668726878
670464080
491403863
585889531
288931943
377877473
340626098
491403860
633487197
49330637
654782750
606842651
498525844
430557771
54016797
580591727
737143298
527688831
587977889
477432660
535224322
604184684
493365671
583661754
375304989
581036538
675625255
375304985
410382821
375304987
229607203
610393529
583601221
116119648
499178011
571572202
581927299
580683721
613168673
677665280
593289972
741025960
83726815
534829824
375304981
741025965
612717231
375304983
83726810
581155305
527734075
375304979
611865163
375304977
4768864
375304975
600314601
167034290
612325167
523922017
559161114
653900461
375304973
527734070
375304971
4768861
696601288
477402349
593093608
284800395
582870594
563412126
573003289
583661672
488959662
736770652
549300382
600314635
524079074
636002662
738780695
606649161
559161105
490280367
517589105
384527122
595932928
579546843
577836470
581155310
497288072
375304999
313823856
714469615
622020208
375304997
116619320
9951525
313823858
497288068
524139487
647384359
736770664
640821567
516249415
527816995
505069446
633955706
580230290
260635405
677665295
626782794
535965962
741025959
313229998
375304991
308825905
109451584
375304995
470250834
375304993
313229997
527317752
430569344
430569347
390869259
375304949
119765976
512386545
512044772
375304945
612729629
375304947
339327037
629014799
583661699
375304941
375304943
667744938
654916214
682144820
604079646
573003260
432238413
623772578
255727278
674470489
430983532
697837631
693307285
695208124
653900426
606842723
640398763
431355788
375304939
477432618
499992224
375304937
524079049
390852845
485833469
218779877
291287326
553626703
504066732
377713756
740099475
496459610
355365742
625261335
546174489
585211022
504711951
547906153
532821103
410769284
479514029
505069493
375304963
375304965
736770690
431271565
462458748
535224289
375304967
496541667
375304969
622020265
613168605
375304961
613168608
410769270
584762798
557755788
557755786
581162087
679694817
742791958
626782747
313823818
496541673
594710856
375304955
375304953
190626333
344175633
375304959
375304957
497288023
623266262
496593859
547906172
375304951
291295391
496185998
555007867
581162084
622930058
622930023
238711578
589424280
16128167
449243212
291287352
535453062
342857150
353795897
503169353
479180282
503169355
383310501
624679479
643651028
85059476
92393819
552166414
73854271
700820322
167528269
430983572
431091776
575085986
696546661
392320410
622547573
325299983
679624944
313641468
551300675
713491257
640398724
73854267
493969454
593093696
554446352
353783454
342857145
738431064
487189844
534940314
682446994
302471490
169819777
499992267
596043368
737585401
502986225
544427288
516514526
557335315
502986222
607704288
746828158
478049215
527542088
652950389
385270403
487993472
92393836
256995803
493804408
729914799
491222507
575085989
729293264
251753229
29606359
544427294
652434467
719634199
738970039
746828169
544427290
741602874
544427292
496267588
504711979
86356480
621660804
579648708
622469397
157081711
581220744
322967614
737824828
602675125
527542061
655912819
390341179
490280303
554088985
573539422
727000503
727000501
563166602
486807331
658895675
679624996
691664388
738431011
487189879
732161393
625539070
535838470
658895673
637035872
390341161
555007802
478049242
17979241
535453019
487070368
625572481
338765864
665275184
556600797
90425859
157081778
577243988
579082861
377738142
498247076
525957593
530345560
581155351
653286196
120608883
714807670
167784120
497697133
507643743
739865142
364000294
396932380
588226490
479180265
342857135
702800531
507643739
392320403
651972463
196005207
653286191
493969461
733127789
665455812
503652525
410390819
527317795
700250692
586375306
525957576
582470638
582886536
118765143
622469350
514094767
16128163
636303367
624472887
507012337
527672125
552556882
601443273
612325518
546174869
689484621
573526184
663753686
503316245
624679810
297547544
531547558
338837787
654887575
427300108
675715071
657216421
599673057
487095911
146321801
675715074
552519663
500189793
648545856
624593173
509716878
620951054
110342322
573526175
659899984
535058824
675715067
533189879
685184706
88817322
743393632
675715060
390447335
675715063
42784283
402424077
636310114
693307690
654310103
625407026
490356656
497164864
40889737
364512273
40889735
240138962
40889736
669336756
747163729
40889734
566729780
649502302
390447327
604184776
504991653
190626192
581413285
427722407
537046382
147923479
737219724
604184790
116619025
677961882
685447842
659995467
405386839
91684223
656047478
573526193
696420547
110342342
616574031
675708365
495549453
392390793
631603659
686014832
503316270
662328035
596724000
662328038
675715088
669336744
580743441
611865640
670935456
653671124
675715084
577305038
675715080
740908439
441665312
441665315
496315015
746298538
145210641
256995005
339492328
612325556
500189766
429430100
375054577
577305086
154248355
581559213
145210646
429430104
554446807
548255284
425790546
330842016
623289823
154248358
496208137
146321840
339492331
649502362
505461648
737824286
320120483
519016784
531150284
737824292
627892116
627892118
587340187
659995445
696369118
297673471
501299522
486625129
560151278
582870647
427300156
146321830
627892122
295657815
577550711
677472005
578996294
690280611
606591962
270278598
581162675
586001977
578996289
256995028
657126589
154248373
685447896
552493883
533189881
125621799
585994681
560151269
496208110
34556751
559161646
627225271
484747009
624744853
660527689
616574070
736531588
738447059
509716898
739480661
600193306
612584471
452855972
648545879
550722216
625523171
487095951
565487251
330842024
657216411
523440546
146321816
479338744
375054580
579990186
691693001
727270336
652880123
627892103
239881760
408485914
384473148
151358956
525957869
151358958
529268835
380000577
611549303
583556301
341645706
338765694
410822544
700926963
583556305
430497037
116093805
564199598
296889061
298259389
597725430
657826077
480068874
503274548
503456864
612082007
662152463
341917597
581093468
551690113
637368089
357202273
341917593
186698592
290563020
736531568
643983786
505293405
581356361
581413203
475970895
581675188
507643123
12597937
522830324
531415484
157103701
495931874
626210696
665110568
477353517
225158368
565851330
497910459
488889441
739480698
163867516
700398755
528152762
364573692
380499529
516388438
573003826
581413206
531415477
629006464
539439620
577652602
489437109
427300179
587282884
606855869
477353505
146292133
290563048
499876793
623633561
587282879
21648030
282597284
408014614
535906016
581115612
222054517
669370218
497910434
542117077
502805740
535197278
100913399
593230395
575434580
626630027
100913395
100913397
587046128
624679857
100913391
100913393
531331215
524601314
312794193
527542130
672995060
714680041
516871659
312439671
430003918
674642732
548255210
284800608
476897489
182891262
589482058
291295512
672440713
737203794
116093856
410382114
738389703
581162602
542965037
739421835
704389659
557335140
675715052
740908468
525957840
675715056
357202249
489376767
651363412
492138292
501313717
616396459
357202258
217334992
479441173
669370207
640603253
479441171
673974529
338837756
301095467
525957837
410382132
509716813
677961845
592968482
682446235
528152712
623696751
522830351
677411606
488889497
357202251
172040833
495023681
527800744
613084709
616396485
583838122
658895548
739286105
572031468
395417629
623316318
194454696
741602313
262111077
449850537
664985285
548263344
262111075
402382523
324310006
409896453
625082677
566249613
395417610
221732097
153001599
581036839
153001598
495000043
496434211
572031459
488130514
555973001
662152511
724427925
623592223
655322795
401419964
449850541
620974673
650059395
685378426
672440776
163855156
544743107
550822179
650059394
662152519
741112715
477553758
694049840
579809261
315079541
616898713
616457911
616457906
496434224
354865269
496434227
494523226
556751094
377951103
163855145
733127206
528152803
504234774
496308257
871932
664956643
663210194
182891298
507120781
553022746
410382064
694049830
430569066
589517992
486807451
491308509
78188543
550738134
582470787
503652854
227821898
577668673
153001563
527688123
727286290
55728362
430983234
677903549
696345936
550822112
663121849
691701567
665898575
410664450
374354418
663577720
734346203
527688128
571597845
527329002
746191364
480138746
582337670
380578340
400603145
593230420
583838158
251753596
584641690
577505217
494913969
297178452
503169459
344168149
503274486
651746799
341645746
297178455
677903553
648273877
195588949
626829623
648273878
390341474
616898718
507120712
550738113
616457950
650157005
599808720
677986397
581220600
736222499
616898757
410382097
622032956
651746783
480068853
583661126
657826139
493804515
581036821
535585490
371964651
410664434
635791391
449850513
594710550
659931453
496185419
636018723
445623878
445623876
400603123
616959961
700820200
358072826
616959966
676314558
499730870
658895598
163867550
510346887
531331276
359747480
222054602
612904384
572031471
746282508
402351873
384390019
477771930
664985296
495766689
663203434
746651852
523547260
663203435
727667740
691664414
686197210
367008924
660570469
524353789
374826513
322434731
190626211
502678519
659995401
429430010
563093498
585994712
562781620
322434739
431481867
531446211
675843133
479716488
188522315
215495573
578914102
690280648
531446204
487219405
408621042
546151223
402511948
499992318
487189573
494557024
580325204
71682463
511676182
570361120
612584468
477365160
552507142
612960059
392767689
654875993
490356708
410664477
534829737
577063648
566064789
555997894
297673459
555997892
378728303
534829732
492940779
485315283
559161680
153001542
384473181
404346008
611092220
600560560
577668648
402989894
113867558
626235000
652788171
583737823
674900243
297673463
737943307
507059933
674900244
674900245
297673468
736490398
133702
447919015
300416247
736748899
133701
133700
156225613
376246770
392390856
627892081
396932854
500113035
550722151
738504662
635791333
690280699
613084750
397362721
546174784
636183836
742791800
440275506
527935247
91696779
499730821
490280251
606649055
641718889
389862707
583435974
704494668
652966662
612960020
394349704
566064750
641266315
355365413
654875944
626864451
431045354
238899572
399535439
641266311
431481809
347006864
624869980
635791319
616487834
393113025
616574141
612960015
527688196
499730818
739437837
262261811
558508238
487189532
727105384
194454670
398105645
516514011
635377394
625523218
625710645
677609902
392163245
495871845
319404370
648273823
501146302
385227963
445639826
153001509
238899568
484747083
613025991
477816627
338800894
338800891
513478807
585994730
577812352
501146312
385778720
723246605
487474011
616487860
507783964
633979454
527935252
401068174
496930423
503189109
623266399
523530869
553536155
486625078
300416283
298234887
346718092
116619130
161833647
548615606
282597311
332697776
379701800
364573735
146321900
510335064
604184899
640821392
621343124
554705421
640821390
611610077
54016528
674057090
704201405
587340048
238899647
704201401
502678335
660527525
580335176
110342465
621582923
116093754
552519768
298234855
346718089
652866605
583587199
516320865
552493793
741702470
110342460
514209269
516679075
611549264
655379036
743393519
589832650
444667099
527554607
589832653
486625299
489938768
479338832
626871275
470174579
586912641
640730660
54016549
669336898
256995163
390447461
400347179
635377442
208968041
653344917
616064937
693307545
640508092
550668679
737219869
514086147
669336882
635377458
740824325
657054866
528848667
636002995
673974467
527554602
577652581
431481672
714469923
693307532
677548048
529444707
659995312
486625233
611593386
410822645
611593381
674057056
674057054
386792915
167042835
507695625
626642505
126309761
356414925
507695629
507643046
535022160
582870776
616434479
662295850
585994575
636310204
497922932
636310200
480639334
546174711
606842889
621582968
402511951
559161753
649502476
507695617
559161751
490356746
746464407
524743584
547255801
742148440
225158212
696369228
633487395
621599380
113867694
402246960
661553455
426381098
552493786
607454597
182891314
490824070
580325409
727667793
529444731
639677
585994580
746828723
161833672
659995327
145702778
646646800
672841494
631603593
5105068
672841490
34540046
300845418
633559845
503674948
490824076
606842867
386792922
677609725
620865091
620881155
557693732
713459799
535022159
639613542
40889694
225158242
40889695
167034826
502724231
40889696
612904506
40889697
549463366
511024839
603388094
40889691
383440064
497910577
40889692
40889693
740908386
721595068
527554675
40889698
623383908
688570089
504711288
552470274
677915281
677609777
410382220
630580856
496434199
500581623
573003940
502588598
40889685
40889686
499247538
688570093
636199705
636199709
377738429
353746562
427300298
528152880
40889687
502805654
40889688
505962832
502805655
476897546
677961920
505962826
534940596
284163795
292635417
489437220
530777853
581162747
384496785
660140271
551300540
596095342
498169892
624231029
441665232
222054619
553022566
217334859
528152864
573003928
377738432
537207475
504625366
571664469
612082125
657200563
612082127
603388065
353746545
527542214
694051579
616434484
134249078
182891342
733127035
499853121
222054616
510883055
698187619
654220245
46449740
599816612
730534134
548615676
516871740
502653906
600478901
735000787
536862290
593230259
593230256
581115780
583556481
504991577
548263131
612082136
552435527
580061119
593125242
660140294
459933544
441747266
527800855
624593246
109451806
449091375
616898901
672440608
410382260
441747262
627951565
397785678
489376659
581115775
513872944
735000792
630580814
566142460
577846046
581413131
622161790
386792981
631463534
449243961
341917692
565851483
441747258
2498245
589180405
672440612
195588795
441747251
626630114
476897588
518729723
552435508
503419567
611865731
652426126
725539746
742378533
500581641
491849697
553022522
580743539
514754416
736531410
527672280
651363511
655379063
695945142
498513200
655379064
499247553
444890920
510335054
288858751
552621941
529432327
531150324
577846028
738281180
529432329
581093307
580335158
563344424
600235159
528152812
578996334
523530713
616898830
738431268
600478928
407194902
677915218
7511656
555040224
476095035
535965706
664985141
654579906
523530709
737203968
229583218
501146469
491041607
380000397
664115560
652472902
510323431
55728412
477771857
548263209
549593752
342824099
593662310
549593748
494966304
535317426
431136863
55728442
491473550
736222390
504234689
583661069
736222393
477771816
723246538
385778871
648302050
577812201
238711308
635314552
600478910
570361099
738431233
746958970
636183772
491736111
731458497
502304597
485315335
731458493
731458495
479946408
663268005
496185341
558688939
565702591
78188442
490694915
648261524
377951278
516201747
580591495
658895481
581155148
660666749
490461233
587097461
641765646
585972328
518729671
746282633
663203302
223995691
741146990
624489056
410664552
402382424
344168293
377951272
602650061
410664556
677903686
660666735
587097479
519529487
551690243
550306572
477771811
502747729
501396386
730283015
623758457
430983324
431309675
475970692
430983328
577820285
593048876
596095286
581675386
338837803
499992492
477288605
16444962
624869805
577329808
392767531
621608818
622954641
582337588
664115528
577243321
46449780
480068956
580591474
738431285
738431287
624679689
392767547
714807484
580061040
578239420
396056011
105897943
589180390
429503550
489631033
596043114
627317016
627153712
616422918
650059462
34497221
746081339
593969344
658895457
589180379
704201398
579809196
565702550
598716632
524427406
582470847
524427409
469710563
552658792
516388462
495000129
616422921
736490293
477816700
538015873
653788314
606219675
105897969
688465583
738504526
105897966
452855816
402351713
296017355
686447954
508421459
511592084
678049440
170654898
495257641
588131720
393113178
490824016
471902744
523530798
552427464
315598461
678006435
746828786
518464029
517809287
447919144
579075964
557263680
531773309
695888213
429503580
426267587
677770527
426267585
261192577
690280739
315598450
604270871
552427453
665190044
656681004
447919132
479946464
571467564
298234792
734889575
125714131
586473829
470174629
390341307
740074343
600314820
297166176
407458844
675625045
696369143
432238675
606842928
383870238
646646791
378225486
565702514
714544362
626782979
552427430
508421455
742791704
532503995
145575947
512069867
583587142
600560416
379620945
394714540
624853046
497680519
611610022
577550579
741025736
74492528
700250821
499992427
116619104
479946497
33566875
700250826
392663019
581675314
114309014
663753499
114309011
664859844
665904067
378225499
408295101
725882605
531773348
739865360
189357995
655784065
727105256
410074103
571597798
697413545
544788755
598555097
581220558
553536030
580591427
431481711
581220553
553536034
189357983
579229253
700820188
595175479
392682901
552427409
531446137
516679174
531547744
563143342
740824369
692228196
118765748
563093576
344175830
604270802
56692005
562781786
586001904
4768607
531446133
562781789
188522235
549715582
296017345
477816771
652966534
663121900
118765755
511293216
602522345
579075961
118765756
585994621
497680552
616574026
489770063
313641630
552731594
604270810
612960136
315598430
693307473
214038053
579497844
586912960
401068479
695269412
504819196
581356103
727105633
386792810
489195887
527935077
188581287
393246895
661553336
492089686
150393087
578914371
459933244
487189375
487219282
686355961
485229828
217395602
485229824
715017569
167042700
426393174
727270115
226718128
743393831
657126795
502678671
631603470
690338687
116119951
625082904
528152534
655379343
154248585
281500682
622161801
566729980
634897685
579497862
582870899
504819175
497584971
394349455
598555012
500448667
405386656
544273403
719634600
559161402
535197458
563344377
653098875
672841365
627105166
665190241
595595183
344237344
740908635
672841356
394349446
251753809
364573825
662152283
737020855
471374871
654828545
188581298
410696266
730032889
544273412
729823894
652472797
653788190
297547734
338837592
727000044
693307881
580984748
504736021
502678658
568390067
536001215
665443041
364573830
652434953
659931185
90437150
648545618
676314703
663331555
659931188
568390047
109451948
696248525
587340391
737824481
700820097
654310360
746464325
527935040
426393133
583737550
661553384
426393135
330865736
611610166
472392389
390447570
589331861
640603077
552410988
410929905
452855794
621343490
319956630
459933299
404346189
332829501
736365335
517612170
506358054
647089215
298234717
663997176
452855790
636310385
1527203
599808469
576743327
661553393
673974799
577255189
725659117
546401136
579229566
338194198
270278306
380499378
223649240
639087945
654147892
663577589
319956653
383190064
651363685
555065058
660527402
153001823
495638415
529181931
498169570
736222742
659995294
495766380
656765743
627105102
186698323
650059065
427984855
581093678
553022880
150393000
653098812
588201466
723176322
495638460
553626259
702598258
594710262
582751878
580000610
520915236
124506331
736222754
737219940
95102626
218173289
577255116
667800393
456890328
186698313
621447936
126327104
291553851
480639278
584641969
582870801
577652821
702598249
663121573
584641966
535058623
167042789
587046387
476700474
281500630
192282342
652973693
736531756
671754663
747151541
409896109
398076561
579612048
747151538
665928938
430584896
639087916
295657649
499126007
33577489
518905716
548255424
577820213
555065013
410571943
625082968
582751860
545359415
586605714
579648442
594710273
676314716
167657230
284928892
581115896
281500629
476700488
479338906
512522712
89084824
496434055
388859780
256995204
587340318
281500654
477425421
490175430
592968297
587299072
639593
354865435
363640666
337745039
18071104
18071106
134292212
514920018
571664341
693307822
409980907
262261568
593242550
476947336
459524853
524743683
503316097
156630611
587299069
741614005
665110315
18071121
394315713
622161878
670935609
646961291
408030470
496308535
150393065
667800383
476947349
616959650
195588645
581093696
531331477
547906700
577550942
384179600
189206245
284928847
659899795
657054911
315448120
503801586
612904628
636245017
600735017
582870851
583556566
529076892
741614016
408655001
487164932
315079388
222054753
54016482
34497214
521462644
581413455
573502857
552470142
377982534
524617923
401068426
612159755
577652846
430584865
530345192
671153170
515092795
494913736
105897823
568210375
636804839
573633806
515092796
427722155
552731623
34105464
650145277
512522644
410571887
501269423
633979625
704239050
658895342
42784518
587097328
503274232
677411303
42784517
651746564
325299413
580650903
723246466
432238999
595932405
611092084
623621819
636245072
495871691
499992598
587175677
587175674
495766420
730207259
459524945
534940669
660666862
431045501
508366917
495000232
575085625
636245065
531773071
573502895
672440576
742874761
571605150
493804757
495000228
657826363
410664661
741083685
695945331
495257316
581413524
624005978
581115821
301158707
742874759
42573227
497314465
580591149
524617972
512522680
636804876
170654715
85059997
644956901
430481606
669634918
671606854
580650939
353746140
351468600
587459932
652966868
676726934
612904550
730207226
593969437
534940610
390877810
503419497
348011248
477816451
557263744
676726940
330834183
376380933
74492899
71031973
489143945
441747485
727286025
579870920
636790540
616396232
384209917
550822384
697837915
42795679
664859520
580650957
488026887
738389571
330986936
671606873
612552922
622954330
495766474
623621896
555040586
651552585
586295825
578596193
218779359
410382293
577820139
159129637
667776450
78188788
497910171
120561670
390877806
445688904
577836971
330986947
29606888
514359108
658158030
736531826
738281143
496185681
477553981
549463518
664956881
493804787
503169671
624853370
402351671
218173197
584610313
584710701
677926876
640398466
607804136
593185845
478503048
612960269
660666806
163961813
599673266
470174940
625710420
380578184
478503046
374354250
729823909
667707658
395417897
654287098
623138232
315598319
566064509
672841301
624247197
408749908
348011282
743002956
627079907
586295889
479716678
478503050
374354261
85059964
425486354
536001295
432214100
684211064
292635053
477034480
583435712
518771385
376380945
42784587
334099932
537104076
402382382
78188755
725882979
565702840
738431339
690338707
621896865
408621219
586980180
547278025
426393237
523530620
586980182
623243029
694945060
599808573
511293315
652434979
662295450
599673234
621343560
431227920
503547828
578596168
339492030
586980185
637035560
395569178
577668843
449850363
595595228
700250968
655379428
354877074
531288438
552519388
549300079
580325434
220959900
580984849
531811556
523530698
228838074
652472899
449319872
448241242
85059916
471374937
662328212
470174987
478503080
740338383
612552982
122984313
612916153
515722521
612916156
582337889
425486307
523530687
516679260
578983947
435333391
664440826
593185817
354877088
730032878
577668864
502817078
85059920
737824523
160695147
524872934
654828576
582337884
531811565
602257710
431045550
654828577
472330950
313641944
617006247
547278052
338800619
338800617
667707674
338825040
149062564
432214146
410890055
600478657
660570202
532135812
217395549
464252283
547837518
742747485
145575840
611865471
323467422
255735805
502678748
523530669
660527356
449091731
499178331
431045536
611622542
624974595
579990012
635791501
440374215
440374212
672841323
410890122
100913419
100913417
477965999
635605154
297547842
523440897
257783843
332685580
655267162
25294242
655379216
410822885
100913411
110282091
330865642
100913415
410696394
579229401
581162556
100913413
487852096
100913429
95102576
629006303
662152166
363640519
580325619
349600743
665950948
255735739
636199599
585994336
100913421
118194507
100913423
552427265
100913425
521982594
100913427
489770256
320201802
641718939
738705471
363640501
100913439
564938192
543986607
579075685
665190337
599808393
9951117
669370186
410382405
579497716
100913437
641718931
100913435
641718933
579229422
588269755
100913433
256995368
625407126
100913431
223649300
316977558
649502255
227821901
624974761
641718929
588131934
563344262
160695077
522830297
359295266
125621688
217395723
652245455
577255070
95102592
580325637
523637817
359295269
531789028
427300037
713025962
600560232
425790423
484747382
523530496
100913441
550768974
552507113
577255075
585889968
459933379
100913447
552519581
100913449
647321567
505293169
100913443
629006318
100913445
581162561
657042648
431045497
490195097
695888055
514209018
537046024
257783881
652245408
256819116
535838912
667707844
636310470
563093742
653098951
486625039
636199543
560151184
653479051
535838908
652434803
502678571
377877023
573878840
600560296
503316155
737749672
405386716
384473462
690338744
472330798
506358196
516320624
746640014
71000461
659899856
71000465
737305999
490356516
514086390
156225671
495537359
623266653
700418640
516971671
449091595
595595283
606591868
388859822
332697993
534965299
573526067
157103894
579990085
477353206
653098959
729807932
100913407
100913409
606591872
655379267
738780257
100913403
100913405
518294025
607804179
100913401
684211042
449303809
649538639
556853728
502747564
12847325
746464266
654220437
459933306
706135231
535058736
581356288
589331999
535690159
664472585
612815928
409896228
487221271
288858544
624974714
624472304
653900904
376254844
477425519
315448212
593969530
543986672
509716935
441747491
490175562
746464257
485776455
531415553
543974223
736531614
218173138
490175567
737305968
408042789
552493593
353746360
547289841
636916303
459524789
521462531
606855925
593969504
580743779
195588545
490175597
511302998
557685077
582870917
623259051
610925925
167657324
431494732
588201596
502327958
34540207
593969515
383310935
582886057
376254864
383310931
281183405
485776471
531415537
587340224
652330361
580335399
363640577
665110473
496162069
377951096
501313819
555208931
631603386
490094115
529181833
487221231
623696686
306855906
663577611
664985410
505375016
597725523
593662151
306855913
550600296
581356241
657216727
742125165
507643244
581356246
195588510
631603372
477425554
582886032
506358113
580335337
502805419
485776499
364512549
616457751
383310955
410571868
376254805
727286199
527688428
546174918
564946188
376254802
668976332
459933350
154350884
565851687
445717947
655429972
490723945
652973522
346996406
195588514
553626383
354865553
668976306
476897312
658641266
33577352
12847349
490461386
590068231
510335249
502327927
530345048
92393356
665556235
552166072
582751711
552166075
704112659
163867418
384473419
552731831
240138664
218173129
591393074
380000216
581093582
524139967
588269788
390877659
392682784
476897328
601443544
549366268
693307702
668976311
549366264
525957970
444890717
513860770
624231276
557685040
552731822
240138676
646961428
477816581
330834059
445688818
516388238
636245187
325299506
528848928
577505343
297178367
477816586
677903445
736165262
589063173
527800589
610393119
650145137
667163081
543974185
541481852
667163085
523697947
543974181
444667340
593048633
581675143
593242525
477425481
581675148
518905557
341645845
594710441
696248386
671754709
738504716
147923727
516201999
346718338
500196305
523697951
686762775
550822242
394315518
623621960
509640575
71907376
553022820
746282866
71907373
577243536
501269531
664115730
610393141
612815973
444667324
479716723
581413430
553022807
341645877
746191489
552435215
431045401
357214741
616959628
477186043
530777996
471559957
300686645
501146280
510335214
341645874
675843056
380000141
675843055
543974166
300416531
503024271
148830007
493985087
493985086
342824279
300416545
430983101
503024275
74676080
654016913
496185548
737943247
735000482
312288207
623772112
610393155
486807755
743955685
625523521
672440420
163867455
584710608
655429924
651746432
485327100
501269557
677532239
612916235
665904258
392163195
354865595
395417934
534940780
580302033
91684612
477553843
543974177
635314778
436425191
568210270
167034658
503024229
524743823
340626406
325299548
392822066
693034673
392822062
552290011
495871521
493488584
550752985
494966532
281500707
635314775
134249212
383476665
584610204
315079420
535559289
550351778
498398720
524601052
656765975
530345117
550822298
134292038
344168481
664705928
503801623
503024216
296889115
664705926
629006292
622954443
504711564
600235481
552290002
488130654
281500719
736531710
218173075
218779468
554462800
585033826
313641895
395417996
527688496
354877145
580302092
551690047
524601043
524601041
504234896
504234895
448265985
664705932
746191447
668976392
357214787
657826476
490403776
602522552
485776436
504711533
375144327
148725669
612815933
531773137
489981743
667776552
284800767
501269582
499730584
477376807
502327878
611744161
449243614
262261724
488889195
664705930
410664765
746651990
583587301
625572038
502805381
67773311
543006806
593048615
74492771
510836210
134292055
600235463
672085987
390877706
394406968
229583472
667776540
524373530
550822261
262261738
347537400
441714168
55379989
505478146
736817806
514198372
531699029
489981723
613084643
580253366
516679397
500113379
577668736
524872841
602522574
550768912
431392946
626829937
440374124
238899435
581699925
544776987
380000191
640730321
505386070
479946267
380000199
209886108
401068291
491403442
325299593
602522565
528062640
615456689
657200710
688465396
594653172
347404
654782206
194454537
562781542
494035766
599816494
390341504
342824207
151571769
594653170
654782201
613084625
622102286
528062636
672085925
493488560
421960803
384527593
494406943
323467372
325473542
42784485
118765501
404346393
514198360
516070320
431392986
485327189
566249936
497680317
269785803
580253391
576743372
691664725
554462816
562738695
154248633
740099001
260635890
738454997
398105555
554446790
670519964
587097263
719634527
55728266
661553322
559161562
151571709
472330832
487189482
537104150
364573901
668726444
405386681
665641116
405386682
577820098
588226084
621582776
390369935
487219319
577820093
390369927
677986245
115251193
512978148
564015547
313641810
518771469
554462880
238899476
297178393
551200188
477002803
573944044
528848953
725882803
221732115
725882843
641718963
651659510
256819191
547631321
511293410
620865337
115251189
392425912
647089054
579870899
554462871
511293405
527672507
398088904
427996292
435333263
579217066
577668754
392163151
477019242
573539806
625945554
452855600
479202399
517852260
647089041
668726474
672440468
398105517
17979670
78188602
298234540
523440832
636804904
476083207
580984975
516320583
674805323
675843029
384390191
410890185
573944064
549715380
580501478
392175245
612552750
125621237
531183995
105897615
238899118
648510382
517922895
635939979
563564381
589304090
604270511
700418385
553729602
479826479
477771574
507379160
745371567
577229574
392175243
701247866
148876126
377951509
430003538
579497651
535977635
407876257
600147048
547825741
365984601
498026078
320177378
383323773
322497428
430003535
332697382
654630402
470207481
374826976
580265291
470207490
406596805
585982721
598587655
742953906
477353183
654770132
407194627
725870713
516667010
435321140
535977640
640508491
595175143
626745497
24580541
508518043
579082116
650157431
600705874
577183109
376254398
489891880
372464573
577183106
549557339
508366778
405386348
24580533
24580531
579082134
479826482
435321157
229583759
24580537
24580535
649151357
56970429
497302207
387915806
612552745
493213423
648438876
480105880
695269188
602921403
647602894
24580539
503953417
584907502
565714634
580184443
397720329
513504213
713025577
543974912
378064555
600130612
701366618
543403419
616445901
330834325
46099634
737385158
721525607
429442031
33239379
9654879
479704464
590117317
625803329
544776863
503213140
733114784
587250400
736531194
585033585
296183460
535022454
535022458
571597427
746958625
625523690
655100596
508518075
655100594
633559585
616717484
158441885
664054101
691132731
672841992
697413894
476897907
407194664
297178059
500045856
653401142
626555282
682457707
358335898
660060085
9654898
477771510
386434718
315079956
549593451
431367426
380759876
742953957
679637796
616434846
692689437
326932850
654887945
549593457
543403425
654928751
341890498
295792374
550752884
253985362
148876130
480138340
654887943
678112949
355377417
563131499
542010796
633559568
476897921
487207489
675586397
401281207
692364243
476095531
582325647
430557040
503213173
736805939
109698698
386434729
736805937
476095533
148359104
625674056
519798565
677380766
581232641
378064508
388859481
46449491
432093608
534829341
613408075
617022992
606219944
723146250
356414324
504066225
525021388
625215790
488038606
431367440
623138845
509693252
697413855
703587274
356414330
612595931
123165372
531423105
582751660
367008540
579039307
479514998
392815472
636335037
525021392
580650714
537046833
625215788
347006475
573459182
525021390
616445958
625215786
565714696
625215784
509693245
738293341
377951568
651898259
732676381
534829327
580313277
504374027
503213121
374826901
491041985
538370304
742366364
509671344
295792348
544697011
565306654
677609476
402989479
505310368
636804623
550752834
625765242
577788573
549593402
746358142
671606605
527329430
527554177
571652548
657730953
302195968
544697008
584610549
490236139
512057943
579576347
625039994
295792334
743521765
743521767
385330856
650145076
475055407
392815488
487219813
530789663
449255998
746958602
41350166
660109376
228671562
531343266
587250482
623138892
584021007
24580529
584021009
546181096
584021003
489294357
584021005
542117577
442632314
599816301
601430730
584021001
442632312
664484136
518917861
514571501
593242406
576743070
502817693
24580527
499247863
24580525
550752810
113970657
602921465
651244442
553717206
618773313
667707476
618773310
163855594
431367498
552435113
602544529
600769835
733139207
544743545
75505912
493804999
512534855
742366398
549557351
