747163378
499610778
527554182
550752829
354877218
498001641
444667468
390929791
654770170
589529946
354877202
435276883
390929778
735663679
490428975
616881025
386609499
588027439
512534847
374826943
71907030
593531041
477862974
323479292
353881671
747163345
612595978
408026644
564514476
625765289
357202625
395569797
517420495
651244468
704325575
696293786
531343253
366080136
440287590
163855578
674436473
567169994
366080127
600220084
516720293
390929771
602522637
548255731
497233076
600339710
218231415
546464098
391875582
496459176
612159516
427984619
229382280
583737378
145349102
531423062
674436534
512777744
496308784
46449402
397785110
635831273
512777747
451797773
583737382
593242322
740596673
593242327
616527382
312276679
222154995
452002632
489528070
326196885
746583587
534908432
470250285
616527387
582735517
222154999
746583585
582201932
616717502
746056111
548255656
617039464
499247871
296931515
549451261
30349217
612733745
349600008
503468814
594710054
553717190
547767008
678219683
488307921
725659764
477553377
518783945
586550931
477862934
480001496
601398692
600339705
477948811
431605385
683421235
225928375
489544157
737659555
581547224
624822039
393246614
500400005
477862929
534908413
435276844
677297923
356414412
577620178
401068625
698443535
581687188
558741019
715017703
600339751
650073193
591393169
634872122
315135036
548390911
504141846
737659545
498925910
634872125
669370692
463343187
498925902
503262526
498925900
228826758
616822304
498925906
514571464
498925904
582409622
544697074
306286718
477816193
498925908
733139171
593242367
612733772
591393171
690781268
431309955
225928316
353865638
585972972
315135022
332685868
603138847
551690526
621431375
737975796
737975799
583838535
123177772
512534906
521017877
401068649
489544180
496197463
30409332
593674211
156503384
514571454
580650739
519504400
663203806
580517455
493290868
664859385
464240418
503640016
660679104
611593091
493546964
510883379
603138877
585972947
633567550
627105331
489528080
471269265
292831691
626362126
374681088
742791473
594710021
499841202
66356139
58584428
488200327
429396394
553717158
516388857
269119379
563239923
623266733
563239927
507028818
70995343
725585950
629014029
546181100
224052346
521017825
488819163
63257010
582201994
715017745
489649936
726149435
665352137
600193750
725585948
621102605
115495621
189341571
725585944
477365557
596236269
652397242
567435252
725585960
736531154
480105931
229258302
581547282
715017726
229258304
579082059
428271098
209886425
581080971
229258306
612098451
229258308
620792757
402436080
581080968
648438825
646298472
579075347
405748536
725585956
738191457
725585954
738191456
650089988
700933250
387505486
189341556
503304281
398088749
505326344
198474923
554204418
350584626
565366653
350584624
713025643
700456183
549312239
24347753
686890607
218231475
310783755
459463598
459463596
620881463
554138295
429396352
579075369
616422324
410904441
459463594
532147996
737317863
621270877
31200177
580313302
508608097
347829929
552519203
612232532
563093827
387915704
715017780
571225223
621102640
654875552
310783766
487981817
654875553
564130129
748228027
427984671
549593390
651363018
146292501
741614297
495495718
489926878
542988150
580755481
563224424
729720754
654887993
542010868
325299197
693563851
384254203
325299195
116623161
738479499
654262004
506358256
319956837
430632880
674794297
527542529
91696257
736531123
338837330
489782103
388859511
579217309
388859510
719740423
612552789
653401091
626630408
617039425
617039420
505293053
581547264
552731072
689472694
190684962
154175411
585877605
635831227
585877602
625142278
218767617
612232545
621102679
388859509
391356555
587401528
386313376
500522857
651860949
119672469
552481895
431045674
531847036
549557225
705992203
606728706
507379062
547825890
585033647
229583630
573514377
332729506
297178131
651939722
171852137
499106
470207385
535022594
347006535
405386462
745371683
209886356
517564040
300761677
598587511
587097009
493213307
501244064
163674148
409896944
497192871
633438291
595175042
431045659
435149923
517112521
631463066
633438297
484779646
508350084
588143724
650157334
378237456
589570289
55728011
577788638
616986903
660620991
663256095
622408027
714680504
585033665
296183382
332169563
163674145
514596065
537465521
653344423
694037790
552481888
564492120
322834706
616898434
315586491
500547297
385215815
573514360
616986915
529181262
353230036
497192879
598587533
375042675
630621662
740919985
162138293
728889800
484779663
551212376
513872493
690797292
665275854
696546033
509693139
513504117
600220109
631395410
654948362
209886320
622032449
633559459
647618935
623803517
114563967
694037786
401281332
508366855
505326429
377701968
513872486
514596043
621608447
390611955
431367557
534940933
600326830
535022549
669076873
509693155
612904074
734969880
626794976
599816251
380578070
734969876
261393138
578050908
560986211
654904003
746464937
586375992
616986951
126231116
435149960
675480063
616898460
486382935
632940222
551212353
632940220
613152087
632940226
585982656
657126865
632940224
633559479
508366895
589304171
558688524
503213029
495355263
378064663
227086057
428003231
253319526
385330911
378064667
300845036
542996092
723246952
721595413
157103193
665275818
598001531
579870237
558688531
632940216
632940218
579217288
479704570
385330908
607454979
46577705
742881363
496467851
616986969
320086074
534829204
646381343
354877360
112983714
655100419
315586401
46449355
736654082
640778985
640778987
640778989
503953381
493213377
684211615
475055512
650157391
459497414
258690510
748212166
258690512
593093035
621608402
498177470
602544429
623304223
296889347
113970590
651898361
90337962
530625855
168994337
77458152
654630581
258690506
530625857
258690508
431045604
607727111
295792246
258690524
618773460
500547221
258690522
295792244
647618955
496467830
258690520
534829220
524650418
295792248
509671445
622559735
674436362
386609554
582751532
391221869
639255111
391221864
477948998
258690518
524650425
9654708
258690516
258690514
258690532
600824143
477694434
623758005
512522541
534940994
738479619
589570213
258690530
647618963
653432998
686754915
627165736
195022085
557365775
515666054
515666053
623138726
517864080
449255850
640476074
651758617
623803564
738479620
258690526
516720152
258690528
476980843
489294492
476347360
663490321
650157356
497785262
292831867
580487164
357202507
396056482
227086002
395569676
505258172
695933224
333005431
646381378
227070094
512522529
542117488
444577424
685757074
397720298
654322087
746583795
24580619
476095490
585972783
430971348
579039403
602522753
581687369
581687366
397785257
357202510
633487838
542117484
660620989
480758686
612904026
578996729
626642195
623621720
602921575
33239411
354877348
580487146
503468764
306511532
602921571
692364179
487207512
721587394
582325576
498001515
353881575
563344805
225928386
220959208
587250359
486996217
489294487
476095474
587250354
748212146
156861160
514678067
392815544
673974920
582325581
663331903
735663539
669370728
431605390
678049888
582751588
625203273
730207360
677079895
356414512
611714054
477432030
349600121
397785215
622390875
504723268
254807850
601089964
579697724
444667485
584952859
635831372
640298064
534829274
495766298
408042570
227070171
661553091
677484129
122478003
584952841
654298314
737659676
499864690
601398548
593674399
657196777
554705033
682386035
600303285
599127992
587401675
706147430
302496921
583737494
528848282
518391724
665262176
387505502
491577738
548615217
585877713
668964563
378808497
503262462
580335570
657196783
564130295
156503254
52082138
327319161
371976531
487070991
581368499
537046664
612733852
702598153
320143448
228671636
655754230
496459061
657319877
518402534
384254361
626990906
672097219
577255221
514571536
622102508
743521569
664484325
530601039
664484323
557365749
504141946
313156139
624581268
133498
672097202
577255239
581187608
544697170
741025263
476712109
657216903
133494
537034257
582409724
660249718
493312806
580832996
229338055
494156979
507028935
165923173
133488
320086031
512761004
212638263
133483
269119242
133484
346984654
576362484
146292452
663577423
622173755
551690651
146292455
255083400
703456323
496467920
480001348
414105607
218231585
409028581
581187626
516070907
346984647
406596680
431787850
702681815
517420618
446111075
582409749
446111073
747163404
654404358
493290734
494511225
496459025
622020912
75505865
386864098
529444309
663753942
654322010
1334163
585972854
1334160
542971697
621270902
647528042
353746948
665455123
691693346
553495239
626829393
365258481
547243867
119613741
513872564
60593935
476958938
60593936
626329965
611622058
60593939
60593937
498169489
60593938
725870547
737131046
616527203
405386504
668964514
668964516
648533732
713025748
498925884
487981765
674565642
392694905
738925761
510323098
613207463
737317743
737317744
429396233
377889247
378237397
580755544
189341689
603138775
626990975
353746965
647528064
577063137
577620250
596236145
564756565
552586763
527905390
746322520
554717421
585138602
440374288
665439049
355365102
41055014
552924095
622102581
336180153
320456928
332729448
636590931
543403299
608745962
165923158
397884771
435149884
228826834
582409700
613207445
407194462
580755565
6320806
507379139
612572385
612572382
725659683
655379469
489926760
581368426
554204571
564199049
700933331
612815297
506284979
700418436
737737417
613152148
624320446
564130263
564130266
607727099
581220176
617039531
554204567
547243821
487189251
665439001
506358398
156503208
651363126
654875670
737131032
570720936
391356660
459358636
430632748
459358638
625407351
459358637
459358639
542988021
529181190
60593997
157081184
394714939
627105284
564130243
746418187
119582956
571597395
626210923
599377478
527905364
635831368
76581040
553778919
583556082
725659670
677484100
558688480
660679292
470207311
122984445
512522211
635860873
477694506
652290728
529181594
407458978
379014802
624095853
694644456
653098479
665262422
514596130
694644453
736213785
746721023
636933668
637023553
470207274
495883608
342322777
694644450
625070032
378237131
377726706
635847077
691132978
512522220
652290716
375042757
736748628
740074005
165931051
736654198
537465835
646887850
740074003
504234588
429851361
611622118
623871123
727286427
527542832
665303792
581232425
258690420
374826784
258690422
589482623
218767331
736490579
603457969
151571413
307768914
485315099
579114986
151571410
611714426
565714828
654928524
746958898
600147217
571597697
600560745
488038829
635939796
552731239
586473739
258690416
372464379
600147212
493867437
258690418
443285546
105897434
493867433
564130436
612904192
737737489
589570398
600130813
693563584
646887833
527800045
700262931
517864381
491068852
513504481
625803553
340373323
581187279
197252292
515969325
325299009
616986824
443285557
490858763
296183265
604270757
691132943
723146407
389874967
700418145
748228228
168994064
736805724
726997443
727101250
168994069
739110620
535022243
738925345
487095737
497302416
733869492
657054498
579114910
733869495
386434949
733869497
600193901
741250254
487219670
604270742
623803841
696375565
327252058
347006632
600961928
392822345
739110636
514596188
733869499
723146405
497302422
601430939
300534207
512897042
723146403
517864350
487095760
301122217
441747885
300761568
736748633
322434989
664610128
323479419
735663877
374826740
579229189
552731273
612815668
577183355
648438641
580501259
579990479
46099813
440287782
162138378
321142924
518125575
579870536
735663881
584907747
579569448
564938710
516237109
552731262
544018838
613408243
333474024
607454678
623138662
743393356
495607315
635847063
535022239
518917697
723246811
663577084
516720415
595175398
167042393
395569572
620881724
351680159
402481270
374323984
662295051
563131646
611610555
580487026
725870932
524545717
409028185
584610750
484779727
488562692
488562690
499444924
504201249
726149193
388592073
705992114
558688807
512534611
484779718
588027685
529181506
583838386
623633802
374323991
281183145
408667080
643741525
579870511
568390521
733869489
367008796
660654884
306511871
390929541
617022773
625523887
557820404
602257350
631463363
531446883
496197633
402481253
145332959
402481249
376254595
476095382
408561081
504723609
530789875
582751471
297166258
351680125
664985082
565350985
580487051
660654872
502922595
500037114
40204863
505258063
323400665
531446890
220959540
378155734
518125531
594641021
667707250
162138329
476935282
558672009
692364019
552731218
622173790
81613888
659931647
577255618
475055612
651507043
498525183
51245010
742747078
617039150
323467027
112983618
404214037
51245007
258690402
493546658
258690400
745371725
578996403
479387046
587784979
697413627
258690408
517112477
408042507
550752621
599673604
258690404
550752623
723246872
258690406
357214407
407696268
577788360
582751425
320143710
559241056
678049728
125621067
571597624
571564304
625407718
737975588
90820990
258690412
535392119
258690414
456355004
479387058
679637908
359735683
456355001
328950667
258690410
742881071
322834435
498177107
659931626
623758393
281183150
733869445
678049732
733869447
498177103
257447333
733869441
582751430
499444946
313229044
733869443
281183155
376254558
549593652
651636517
485640486
383440923
402989238
741390607
110282584
524650751
738293129
502086324
504141630
498525171
733869438
733869435
502086321
733869433
114563892
733869431
664985046
503714736
114563896
519798336
738986753
408561034
678992380
502747898
535870316
626630237
542026163
677380611
668964484
315172400
524079769
527329184
624320712
583838303
402351249
625094975
622173886
426255864
255735450
579075134
408042424
496692882
705992071
270344616
408042421
270344615
52082220
464356722
582201710
617039248
535046654
389649622
668907939
485788333
636804441
288962721
491041806
531415205
501220517
612717914
518736160
194719377
255735447
678992433
332697611
595198858
737020469
477388834
582735310
517420775
667744064
727515351
626210878
292831453
511532401
657042984
488200552
227070261
557820499
255735478
146292307
531789302
524545664
488457693
480001201
630580959
72123293
514150152
431309734
154248192
625407646
583838316
503547361
70995580
448513421
487233124
512731990
477553564
194719364
677380631
741614436
476070822
479326924
586949406
509640026
355377272
622173839
501313528
737659343
270344650
621343070
476935341
578996478
531343477
515816140
626829457
742791269
667744006
496360670
345897537
119613445
490415802
654262292
674642999
391356741
119613444
742791262
623515047
391356737
389649663
657319752
595198897
528848394
500400267
736531307
52082251
52082252
498525103
575660730
553656984
497910690
667744019
497922225
596136174
580517288
497910693
611115338
514571645
675586518
606783831
459497130
476958896
664997518
579075196
602522837
220959590
740596884
513009008
664859104
488200512
621949007
542026105
444849272
7246016
624839515
582145729
636310777
580517270
542117279
579681247
577243117
459497147
531331010
527905220
70995544
288962788
494901771
665524623
655473912
612822307
528848376
600339944
315172448
477388850
495549261
743002597
587945910
575660764
601382077
489891705
622102665
127512059
333971937
738970814
554204677
552481688
639178694
330502908
721595370
584907722
601443048
580184104
503953712
341917737
386313129
446287968
33577081
647451642
332729532
321142865
379620432
575660778
342879861
601398875
386019854
741390593
616434594
308387356
490326601
554182130
620792556
733114944
624929144
308387348
596236474
482883477
725659557
579039054
292647098
725659554
327252073
388340518
554705376
516140080
625819500
347549282
626745186
147923294
581220064
379620447
746841264
566556220
379014797
742315881
495495986
258690396
577063032
555007143
258690398
582325804
555192973
668964421
258690394
580813181
391356793
639661984
297661275
499278382
728889649
601382040
386313132
721595363
570720803
564199393
675586563
622390573
570737248
652880391
581308817
504898809
445705880
636590631
154248115
388340539
621270608
378808783
380566950
599689657
599689652
580755679
336180032
256726036
495549210
577243189
471269440
582325822
487233157
585982441
586367290
593242170
21542424
380832742
377726731
353746602
332729572
737737583
621343006
742315899
660679377
583556167
430003267
721595345
582409823
21542419
542971539
646646734
652397000
646646738
332729561
527905287
612960798
76581360
427984475
738970876
580755654
378237042
61651602
478519470
378237043
477365333
398105909
308387346
386313180
391875724
616434523
435321435
657054504
691132873
566022615
308387337
693221110
612098221
591393343
600303588
414105942
580184169
379620414
469693369
622860068
478519464
728889682
611865897
564576506
478519468
491577466
374681289
478519466
582409805
332729587
494569310
626720742
535870320
616898126
61651600
600130748
505398003
332031582
505398004
332729583
697150779
499730939
491234911
499730935
736805823
397785087
499379810
502747901
579569531
580335846
579990551
410904008
726149225
580335849
612159242
639248218
125621179
502817393
515969216
726149222
664956548
568288402
599816012
517445289
503714658
258690310
386434842
258690314
258690312
374826673
677938964
625539988
693221314
639248207
693221315
577183420
651244180
518771045
281183082
531183840
514596287
588027738
622559931
499379836
704507339
493062375
499379835
600193839
633979339
558688767
601465364
659844064
635847194
494966984
620853392
493062370
489926914
497314983
742881128
387933091
580996911
697413776
390611734
584907682
583587790
410810929
504234460
626720695
289502335
623803764
464458637
626871087
146396898
746651563
503591667
646478052
659844079
600220345
405386241
378031914
495607252
171852310
736654249
612337586
300761443
584907617
517748048
651898533
220713531
477139357
657054579
535022343
551142562
738925489
621102233
435321263
392175148
74200030
535977520
589984556
206567132
300761432
119672309
621270655
472257941
300789889
487962046
168994170
499730982
477694612
490531094
535870171
379014912
517445245
748228355
390611754
378237209
535870172
218767403
196123801
435321279
392074101
501871929
588143924
658552245
658552244
675831028
746464702
126231361
487219782
328950710
735663732
328950713
253985678
584641350
635939615
426267349
171852347
514596295
440287644
359735739
289525890
504898956
506284829
554088105
585121913
491068908
491068909
678049674
552586908
498247924
535977504
524473556
518052003
505398079
621608220
599816077
654948173
620853345
736654276
573514126
587459638
470186830
639661855
517748051
477365275
149062202
518464271
521055548
306511752
493290594
487219729
390353588
495537830
577788496
577229639
351680010
351722933
742366285
351722939
737643481
662295191
674794504
748212358
635847135
495883540
501257543
737643488
375042809
616986785
564817816
611115340
581687126
579497398
586562084
742366294
616986780
477816123
587459612
516201534
98976148
446111386
630621818
446111385
524650672
366080248
733139349
677915437
748212360
527329360
663256280
519798413
544018751
584610629
477948746
733139342
55631590
694063819
748212366
497785006
401697906
52082298
496692937
162138473
306511777
395569451
158441906
554327507
686890478
409896752
585972577
701247705
495883561
16421674
616838193
317147031
524545843
189494851
475055702
495883555
678049645
410904096
606219870
548615096
692689748
479826707
544018776
650157124
640508708
392175171
476897863
618773670
650157128
675831082
376254444
115495279
565891863
593230515
625765123
428271305
498177228
582829421
618773679
408026320
584610658
397785043
12847862
386864391
553354087
353865732
479826776
690797019
123358179
376254439
525021494
515666271
582829439
606219852
320143616
401281130
312276240
525021492
110282461
653432733
387933036
617022832
16421643
292831656
402382636
529181440
494511389
650120296
621102297
110282450
607304172
479826750
498177248
607304171
623758253
682434558
579569510
430481962
860734
512534782
860735
623633976
585972534
484779805
621965150
612822281
238899079
224496080
376254419
583838218
390611702
257840726
297182407
587426269
297182408
690797020
677915452
430994695
365984323
475055747
402989386
606219832
738479865
531847220
322834545
479514875
479704773
477694676
694037950
375042830
626736640
527800148
222154902
590117623
667812183
531331187
498177250
376254404
313156436
587426266
534571131
599937017
489271152
668964389
531789421
552154035
741071857
477816091
307189892
535559664
612960824
307189891
600723191
375296802
218161171
351058535
351058534
737701297
702681602
451797661
667744188
663256205
626210760
666938750
571652223
449255712
587945842
624320600
621965250
669370585
542971433
123260521
581127998
715017828
389649729
384254145
227070370
227070371
517066909
386745914
516237093
449255701
677653646
552507532
521017503
552154054
414105846
571609477
611549011
126577877
600339872
306511703
212638028
542117185
156503045
444849176
530480378
622102700
571652217
497922307
678992318
461481233
535559652
608745760
313156360
383464624
431787616
477388711
493054264
587945810
444849163
689472709
587945814
733869501
33589312
738986911
490082138
733139266
746736732
578050683
659931472
320143692
683421106
505363035
683421105
607696367
586367311
302873177
510323240
543974644
580650418
228671428
523922990
660679422
543974640
667744144
554138100
503547438
555007050
222154856
626630344
154248279
497468066
491577506
563224768
494901898
575660836
503547441
391356876
516388780
554705281
554310229
554705285
504723499
612916719
551225917
488026361
626829576
731957537
197624997
655737008
593674158
151571383
444849130
625765059
389649787
551225926
531343585
551225929
737975630
385364919
477198100
737975636
323400712
476980624
291565916
527554433
616717610
406596482
579178455
372464405
739110615
586248994
612232438
538370083
579178452
470186775
387150117
611593134
443285391
154175529
653098521
612337677
725659448
621608284
648454775
564576662
378237195
146396900
600723126
587039943
321142965
477388771
587039940
403009273
678006563
253319838
678006560
571609424
581547383
678006566
612337663
651363357
527905119
677609506
577620456
582735285
580996870
347549385
650089849
625142125
511532389
491178857
113622849
496872640
434391030
374681348
575660895
151571352
580996865
434391036
683421179
498247963
408042398
650089838
657054682
487189034
650089830
517864214
351058584
497545275
579697979
659887855
505326226
620853281
392822520
665352472
532147862
147923373
528848424
514596248
581308969
593242034
535046712
496174098
552507551
600130615
315586195
616527457
353746704
81553258
742953644
387505366
496174091
697833652
650089867
613207691
380832882
623090872
116788035
616422206
519504795
659887862
218231353
291413105
387505350
397884993
736531292
725659497
586248933
580313625
616434665
256726159
392822504
581308945
238494522
589832880
571225381
476070764
633559667
296931452
489782246
91696598
577620492
591336902
392074160
591336904
611865992
326196912
608745714
595175200
389649708
506284788
613207688
553761495
743002655
535870219
338837203
571725752
686165357
299117496
498169273
654275000
586992151
379014841
515734331
616527426
365258690
489782254
496942092
476935064
196005539
651972793
256995999
565714217
479387295
607727486
512978658
646646068
90425736
729807238
559241290
83726563
385227082
83726568
651972799
402781120
596136454
746828019
313229261
586001132
167042193
674436002
227190975
189357032
579704925
535392355
616487024
623289003
599673834
665287066
196005543
600054893
240863786
620881906
657674842
158304134
476935086
240863781
289525723
555708293
449255506
747024996
456355224
487082208
697150050
697150052
392815004
746160694
741614768
485182351
590068753
586013582
353881230
491881302
746160676
508350385
682434693
714680809
740415811
677548706
502998350
550768382
600147410
719634028
311065207
582829786
589482815
334099284
503468421
477862537
515210120
600042408
477862534
167042179
312276138
501769875
518068318
389649475
746338853
189357002
611115480
600042480
701366232
476935021
414105202
616574993
579704950
491530163
659844116
600147405
440374886
611610789
633559185
487082231
261393424
690797588
328950478
346984919
487095149
610925303
379533923
327319642
530601541
327319643
530601544
697150048
657674827
697150046
47227795
697150044
261822429
542026311
697150042
586375473
675480589
490163641
495355549
593093590
359735023
646646003
488872275
584610987
582266429
599627108
315586953
506435806
47227752
582751241
388592291
674057766
623784471
546674100
110282788
579497273
493312514
324111651
583587859
518068342
518068345
508350342
585877292
729799706
404214219
633559179
626188121
579553245
579082557
487233763
580184816
692315369
554182706
674794626
612822586
517445308
493546435
677472810
580517831
552061865
673912120
660109791
306511226
505258647
544928869
542117944
256995917
517083024
593531478
386609027
578337816
577229100
477953942
408026264
253985795
209734948
616503718
552061851
496197857
626990594
315032028
695675931
738055243
300789736
600824651
380759417
586447293
616503721
253985798
623515604
576505554
514571095
623871347
223589822
297535027
297535028
657814563
623289075
743967389
612159175
699584218
471187119
516720656
660620428
677609087
518170311
518170310
261822479
746160604
510883739
632940795
489709587
527329837
616838651
495537995
479826013
616838654
600824633
493546477
477948491
685503517
622032139
518917445
621842992
50303913
740099564
307768718
551225588
578094941
647451311
616717070
430497835
504723808
29606274
584610932
657814578
677609078
733803991
647602420
476992036
496197829
566717342
477953917
535058042
601382352
253319886
503674218
677472866
297535009
625070278
480758974
302812759
456355209
660140961
587250872
626720576
530789208
392838503
511055604
391356138
518917466
585211114
51245291
550752413
616717010
580517806
736732020
476852534
620792277
566717338
46449054
9951613
435215085
542010311
600235949
414078813
739421045
490415669
622197121
679191349
386864403
401281696
148690331
377701608
148690330
516720690
555132805
515816724
148690334
148690329
148690328
547825320
693064188
746160648
530789228
587250897
519798935
148690340
600147451
311088730
603388827
577255801
616838693
391875915
495759083
693064197
341657315
497233504
588027838
563754956
651244818
372488970
163855944
425486962
624570468
524385088
632940706
527240318
535870106
654770661
430569860
489544536
740919524
616838711
400206445
580501071
384209252
580501076
482883679
593378680
625142688
308364027
602921948
581155900
511532223
654275359
599967305
725870210
544849777
551690972
607572828
584469661
612552363
580265697
623720664
587401951
502665590
379020055
654404668
612552366
550906101
593531405
379014989
571920323
430003041
73854652
679637359
585033125
517748209
555132863
490310459
476852634
738970632
599989205
345897705
371976277
584469658
732676825
728889447
654404658
410382959
324310918
654579213
431727450
512777327
626720512
524079549
587796397
694933721
584907902
581080522
735740622
151571208
527905053
606830576
308825388
612733342
581080517
735740618
33087201
697024692
733803927
746651065
637047242
662531434
626630886
600705375
552061808
577229097
579569277
577788952
555192703
587023490
727241343
326932433
377701672
618781766
13093389
345897724
729425169
666938442
225040755
737458019
469693186
564946959
397720726
514571061
655100085
655100086
533128861
499819760
533128863
491577241
657319547
471378674
480001866
656765138
471378670
654275395
568049486
471378672
657319544
527688901
524127894
587945304
623371624
533128859
533128857
149937589
737458002
639678181
655100076
533128855
741390346
582201559
353865247
633543164
524127887
639054367
624005395
602189922
16128622
659964790
612159088
378098755
580650346
533177435
738948732
378098754
1515433
581080563
510836802
585211040
664997718
625819747
571597042
212638569
580313761
45477861
476095931
623810760
491881295
564756029
601382299
675831628
694644263
16128634
480001840
743002323
461481719
116228511
498247813
518068373
583570683
519462527
626329694
738146473
402481078
556391300
505128975
124506992
505310860
255735244
486795243
444577990
506435740
685519540
600326485
586013520
60300008
514430412
691693837
599689021
307189123
530861693
657319515
729807183
685519544
328950399
685519542
505736708
488872172
685519538
497596797
513009266
151571264
600326490
330842863
740919599
46099288
338800051
589331200
652472190
746322008
487233795
579681494
506435749
115251762
685519534
691693844
685519536
296931972
60300010
685519531
507059153
653595767
500045494
490163663
482883610
41350551
618773718
612822547
621965339
612822542
635847619
613025189
746338826
636183012
729051145
571480672
189357099
579681489
616445410
729051142
75505562
554204000
527240371
491280909
729415477
659844211
508350425
46577133
625641961
719740865
371976208
698443959
452985190
33566187
583587930
613207177
542996631
395825878
580832687
171991213
488578831
477878470
288962555
604270049
655498142
714469133
577255798
385330343
624005331
583435145
741146109
479704909
167528679
651860569
732676803
476347741
664042943
477878488
490310437
490236589
161334821
392815020
115251797
571920386
630532330
741071527
524079536
668964259
520822460
489294757
311065133
13093315
651612389
659964701
388592239
618773700
41350549
496174397
488578894
585106693
585106692
589529439
494156644
636183060
490531117
322834223
599673917
579217722
73854664
636183067
518736390
606830592
600054978
503664402
641940547
685519529
685519527
627305539
685519521
554204040
47227806
738970671
604270013
517852986
685519525
498525769
426381802
685519523
426381804
587796348
426381806
702274619
495495339
586013541
407194199
621531664
700262269
402481081
400206417
616881528
470207866
163674519
479704912
331074571
485788548
127512231
579131200
652290147
476498163
587023428
322834245
730271554
504034558
237625589
584021436
621932861
584021432
510899706
535894954
584021434
499481961
490555996
535894950
490555999
487852681
702447373
577183613
529316981
644320881
485327774
392838656
446111581
446111580
505235056
446111585
607704098
446111584
653344000
446111583
446111582
446111589
446111588
446111587
446111586
702447370
516514715
663490746
428271531
589304585
353795221
589529628
600824596
159113174
714840282
739510967
353654238
502315679
446111570
261822528
739510974
641940343
446111574
446111573
446111576
446111575
446111578
440374756
653401462
446111577
531446960
446111579
165931527
579131136
558672125
550768273
593093496
654298723
237625367
300761259
740415947
655754640
599610829
223589761
494505835
552154254
240863681
445791724
569357774
497922055
612082986
542026409
386745709
333005869
662237490
446287490
373885716
446111564
489528353
686435590
90425628
156861594
479514643
579082619
599627237
558672131
700262428
504723756
612082973
599627234
446287489
535465212
582266550
446287487
446287488
627305477
581232939
488959497
582266545
586459590
380759365
564938873
114563578
677472916
500547671
507795670
624974084
386313824
686890261
311088684
58584956
579082694
511524130
388592174
357202993
744775842
494901603
696546443
115251815
239826049
582751113
555708383
674057876
512006004
601089493
625674396
691693813
493463020
512006006
613025268
552166678
579082676
633567948
307189146
307189147
595198114
307189148
428271591
586459586
580832592
542026415
535392295
388592168
573539204
586459588
636867480
311088694
493546312
350584139
497922000
489511958
386002799
552166666
350584120
633567972
547837032
228671212
555708357
266631604
353783695
599989198
554138766
655754684
640508949
524545603
83726647
573539237
654928499
746418610
548209231
554182806
307768898
488959486
746322178
530861491
554138750
518068209
530861492
546546095
389649589
622469167
402781277
544697590
446111593
577288190
446111594
548209238
446111595
636335585
665368573
577288193
446111591
446111592
732676675
564946888
505962053
374323616
527329969
580755137
639232055
639232054
508366422
512057422
261822594
721525931
261822598
746315460
491530227
504066509
738925245
505962041
519504159
620823982
397884354
634872508
552912950
738191998
511055541
647528454
494489100
523621296
623327366
517748289
219545908
553729984
588027996
579569331
563224083
212638658
634872511
612656897
374681651
503674134
515816824
622491037
374681659
471378758
564309423
113970975
577846929
323400168
510836826
516249677
189239672
616586443
728864964
113970972
498177884
580501115
490415598
732676689
519104910
471378760
584610835
581155979
584907877
404214317
464388601
554146780
620792112
535465208
237759026
126231562
374681634
497785679
566717489
524650030
512777484
583570712
471407134
497922076
622197242
504066548
383323239
9951764
602921964
519104928
503714411
566717470
115495073
379020029
542010444
639232088
542010447
156148253
60593449
353881156
665262517
60593448
345635172
566717473
674069448
554030956
60593451
577846954
60593450
5420039
220713333
748228562
686142522
503714408
378808946
431727245
674069446
555007202
674069450
556546659
372464225
516720592
563086808
516249629
577493010
600909638
580755199
535058166
600909635
585138126
503122016
536018455
284812134
332237307
746160509
123260295
570713779
332237301
113970930
209548635
378237026
580487557
674069454
591393721
674069452
586321908
555132914
237759053
480138011
612159023
497785644
408026106
488959405
498177840
587039323
581650073
353881174
593531306
586562279
558672176
746040669
582751176
580184751
579569313
577255701
414078870
648454585
499379699
616503667
503953828
431213807
535573748
603457247
524067227
601382117
493985683
655784922
604172446
495615499
379994116
479180931
341890866
694933616
735740725
431727339
524473379
435009905
431727335
616586383
524473372
73854525
660249344
456064336
583570757
327268122
622876549
593048049
610829132
24347419
154150488
741250305
626630960
603457262
63257362
396056942
393246318
562853115
550738939
562853117
616898025
571920463
524473380
566717416
597513397
612656950
585033261
697833446
744446858
401149830
700464737
551225760
595328938
584762615
470207751
400206329
148690162
499126569
554146818
584762610
737585189
197724917
197724916
584891353
197724918
197724913
197724915
489544405
584891358
626630950
197724914
332169972
308329978
582325947
531343756
677532944
616881627
392779057
514571155
744446867
656681866
738130190
392779073
340500634
476852717
536018382
511532112
197724903
613408331
516237258
197724904
197724901
530764922
197724902
579217650
541481147
306286458
553640410
149937431
197724900
498001176
740919468
445705766
659964675
625803021
493365879
616422005
493078420
435009944
511440048
665988081
630532285
24347422
741146091
622907490
647602611
541481157
356421670
579576939
300789562
385215473
580501184
489294815
489294813
491577397
400206378
375042222
626362675
515969033
315135305
557820184
328464794
655473820
626990547
227070507
626782005
405748857
60593508
491577362
60593504
60593506
732676764
742499492
557820187
587796283
477432499
736093133
284812097
547660014
503953830
315135317
461481861
585982123
513858620
461481864
579576964
480138091
503122094
356421651
679637263
610829117
719740755
656681818
599967497
659493812
24347481
351680731
206567816
656681819
157081593
612822428
499490595
581547583
519536166
685757443
505736809
599610891
565366360
653344074
577255680
625142752
431542878
507513829
722454545
435009981
675831703
621949363
530861565
697061781
573539136
585106514
722454540
620881990
612822439
289502196
581429909
607727500
581429904
516106079
541481110
654579166
384231286
387915488
523922759
626712364
402781180
394406332
738146591
664997661
551212832
388592142
505736831
602189864
388592149
554054125
653595863
548255984
392815180
612098972
663490700
503157165
633438610
587175057
568951613
489294832
654579198
740919490
622559338
740919491
480122126
348601545
738130112
47227740
626782050
581723380
398088202
625803099
498259322
612822457
505326048
430569911
640508902
602628922
625674349
621965440
296191763
336016127
499610330
340500689
294056356
544743860
624247879
581368035
579681319
490531209
392390065
581429950
552481376
215707099
663210896
663256431
599967456
701366165
683421793
602628936
581547542
677891911
587175036
690570051
487070526
485788667
498001102
33239836
585106555
587023307
506435898
700262384
508350508
371451296
499610390
581547537
633955146
653344041
648629951
554446097
426381932
33239801
514842921
519462603
739364171
477771093
476347863
651860683
518068291
616881679
665287027
388592100
519462607
308825217
399762431
641940400
639726353
344225875
652472027
589844207
714469089
394406345
617039124
625658243
498525674
504723686
487070562
385279180
748258313
430569957
652434168
738970779
435238600
206567802
491178697
746418578
73854543
652472032
665443996
675586817
580832504
62859533
600042640
531847429
531343797
104782115
219955236
586321630
219955235
535046254
499309603
530601779
552556139
685957183
623720904
160695971
524650338
579681609
428271678
542026569
737659707
544697225
579082301
404214481
593093337
552556133
587309181
587309186
535046240
374323501
552154580
331074867
721595701
523817993
616294130
621447184
546674359
548767943
4930000
546674358
268584116
504898478
477319022
652290335
635326210
548767946
4930006
377818660
644320752
65335831
616527068
4930005
612717513
395825625
88702107
315586743
255990804
641940242
504034284
568390996
431213790
700190447
262294949
219955256
650089382
623327676
331074850
508350106
746583425
746583434
297182793
653369841
697150264
629698441
587023716
385330648
409980145
669370858
300254652
697150262
336467313
665303394
501769666
595198478
641718251
665443924
501384296
254220104
386434540
685957143
721844026
359735204
684211942
646478538
342879399
311088986
694890954
694890952
694890958
694890956
459497553
621949427
677609267
487082427
493062847
694890950
386434543
475970135
542026512
223589634
119629884
519462803
690797395
516744024
492497717
512032843
197100955
694890943
493062851
431201379
119629881
440912254
119629880
694890946
119629883
119629882
694890948
665443940
509687915
599610958
626712317
492383224
167385448
4930034
77458037
504034240
739364041
429389348
736732237
581547971
625158358
395930666
490236373
662237119
579576580
674057568
747163160
600769619
4930035
386313503
504034236
652290357
577183751
390353269
503468664
504201672
691500795
512032815
623827454
528894729
490858339
581547989
353654111
158304388
587426597
714469309
662237103
223589650
392694340
523817977
504495272
431727159
523922377
740704151
16128453
377701826
623259818
490858307
477948203
530777011
477948206
595751771
535573688
695386288
487747912
721595771
431343667
577288478
510335948
657686183
464356293
607727279
524519448
408295695
9951853
626720329
530789459
407194411
503304519
306511498
158304367
607710828
74186131
237759175
740919848
695386275
616717255
584641043
408655946
552166966
431169831
517748356
380347212
504495253
678148282
542117765
518917250
650073414
542117768
612595354
695933756
607710844
182891948
426267058
623720968
503674430
496467382
471378816
584641046
530601719
600042295
515666744
623259853
330986043
392175460
616717275
521122941
579674025
600042290
585138035
579674028
313835977
386864639
587039663
16128469
581155670
600909308
612815226
479826214
739110205
671606003
497785305
496942633
497785303
675831337
356414174
529181141
702586749
582751025
503714312
655473579
616294156
490682899
148876353
496434862
323400283
729190351
503122178
311088901
604172611
379020330
639178250
116093109
686508736
531423733
549593231
622876470
209548305
621447149
524385244
148690558
430971455
584762211
669348904
584762214
332697130
571597236
639178260
623304176
600909326
554030808
686508705
580650090
686508703
624822604
653082099
686613577
595751753
660140701
431169876
721844087
345480569
660140705
746651219
691500727
531423727
665368668
409980110
226521875
379020352
623784670
399125102
399125100
677380149
377701890
686613567
570713661
663133172
475970191
636867168
504234152
501313051
323400293
671518064
743521912
237759198
662237181
493546232
520810710
695840993
504066401
477953629
519504214
215707116
586248622
561009835
626329892
663256736
672592866
651860724
327268415
407967159
312439022
553640550
623199433
480001633
515816591
341645040
616912105
625658196
518402051
477432127
496459306
600326685
613207360
237625719
374681699
625641740
663256743
302496168
726149637
682053374
678148308
479826267
697849528
78036185
697849526
697849524
626630633
431169898
664956052
579576605
320086585
697849522
503591033
296931774
666938219
331700896
599967501
639661541
618781982
702586646
600220636
345897981
524519381
600220633
558189087
443541471
738130262
494065981
513009433
738504015
654875302
725870488
498001052
507059360
697849531
630621260
498513973
697849533
579870040
552586414
736992040
612815183
116093206
477553167
376246006
237625739
550738802
308364212
613207378
678148326
730356621
379994043
494065975
726149608
395417029
524473296
582829919
212638327
229338324
664997953
571597283
527734691
332697201
550738807
577199765
477365784
530269730
612822728
746315074
163855709
355377664
66524051
355377667
371976016
572999291
547849930
383323024
399125088
604172595
387150400
735740870
387150403
653082022
577288550
639995634
397884411
449230922
445705460
579870022
514571272
341890757
399125090
579569062
331700857
399125094
399125092
746040365
399125098
550738822
721549094
399125096
578566796
551248928
551212540
730522200
686142199
451797920
600705586
225928986
554327155
219522343
741390170
589855228
612717495
489692902
740919782
366080735
219522345
746040374
518620201
587459000
520810670
658628306
408295711
297535318
612815144
686142161
14043634
486137598
521994011
501146924
371976043
407967145
662130991
501146921
612815139
490735653
388592411
612552100
604067707
653082007
549557972
126231768
550738842
521138866
587796159
665275759
599791629
600303106
446875255
449182816
446875256
648438182
634872377
446875253
446875254
704514515
446875257
492497753
446875258
532147372
328950198
353654136
704514510
385270149
653417271
497302059
372106153
386338062
558741246
446875252
372106159
446875251
500547944
127512443
446875250
531847548
446875244
446875245
635326182
446875247
554138489
723234081
446875248
446875249
493126601
626990818
16800420
497720443
683421441
697833111
391221411
697833113
505363330
697833115
488696684
697833117
503664653
612733525
604184108
697833119
600769674
622390939
586367653
482883864
671002324
517445617
738146684
654875399
446875240
599610976
603138628
579217930
581524332
600824392
45552791
580832875
348601248
384057198
511953650
396056648
579217933
372106174
511953654
511953652
446875273
748258666
562866318
502998155
562866320
579681674
479581944
566022259
600769656
497302087
198474281
479581947
659844416
464331875
746418436
691144044
578566775
189021000
77458115
587426602
511953648
322834007
579569087
634872380
217322784
612552142
308387784
741124434
443541494
622559458
396056663
446875212
496593384
675586985
581524314
332729163
446875216
446875215
487070869
446875214
741124438
446875213
726149604
372106199
665352767
1334246
384040797
726149600
214038797
653595985
384040793
486795005
384040795
372106194
515734050
308825536
633543358
636957296
723663936
328950148
675480702
514094270
167528864
504034301
651507575
627317717
167528861
612729073
167528862
651507572
575587135
493365924
700464445
501752385
625674230
114551010
446875239
446875238
446875237
690797418
524127606
658883746
600303178
446875236
477878220
446875235
528894692
446875234
446875233
651244678
446875232
446875231
479180896
499841487
74492011
746358303
446875230
312439000
723663933
76581771
296931745
723234019
685957075
646466955
257447866
654275537
446875229
446875228
446875225
328757094
446875224
446875227
746583351
446875226
446875221
446875220
446875223
446875222
648273210
197724895
748258612
197724899
496282751
197724897
197724898
518713044
700250050
549451023
587426642
625803197
557820056
552507838
554054031
603905
603907
507631743
581723128
603903
623784593
493463258
502437415
677609163
347549841
554146598
377726193
677891760
625674166
546401987
577137105
507631735
654298900
323400304
742482000
90437806
507631739
493183329
218687951
490163984
218231825
487082386
659844483
633559295
490163987
336007912
463343311
431213683
599627453
700262653
581723110
627305252
600042335
547825290
664610606
384231095
581232706
493183333
527554091
655498110
621531806
544833793
578996982
577183823
502665723
500547899
523817863
389399934
683421604
616503809
331074990
586321756
579944261
660620725
586321751
535046376
552507934
432105750
498259009
584021378
432105752
554146571
488578938
657674702
639726088
738146719
356414254
86356023
464458239
431201229
86356027
26349327
502831216
600909486
507631731
542026678
385330746
401149596
384057256
353881332
401149597
670503162
728864753
519798888
384231076
431213667
112983934
728864752
219116104
685503213
739110152
579990968
487747818
639255387
495432274
119629972
528894855
623289353
600824367
685503248
660679820
691500683
218687904
490082651
353795465
227190641
315135096
522043957
652361818
490082653
344303246
579763104
119629971
119629970
622559522
652257062
579039684
579039681
527329799
504034351
493463229
573459076
743521872
229382430
579990993
653278522
713025078
229382426
508350263
459497667
635847576
518464637
527329790
552154489
490236243
294056527
495432252
723169454
377818518
552154492
667744522
665988302
652361844
648438374
218231816
622197464
746857498
589529878
579681534
490082631
154175068
328757150
612337177
523817829
397720475
294056514
505258358
527329772
496174405
496174401
739853155
331074945
729807107
746358248
52776
586375795
625765584
52778
499841425
581915269
550768043
497233244
409980039
737659859
625070588
624290882
512761784
704325441
612595239
571609812
653098127
653098126
579763140
459358371
313156813
377951896
622341694
513231606
553610398
513231603
554146519
633559202
693221791
622286009
554146515
401281569
113970714
693221793
407967346
659931955
536018675
663117244
331700957
313156807
583570956
655100216
741250560
579763158
611714787
503157305
313835859
